id,algorithm,curve,digest,signature_r,signature_s,private_key,public_key_x,public_key_y,nonce_point_x,nonce_point_y,duration,duration_extra,return_code
0,001a,0010,e3b0c44298fc1c149afbf4c8996fb92427ae41e4649b934ca495991b7852b855,e3b0c44298fc1c149afbf4c8996fb92427ae41e4649b934ca495991b7852b855,49836b76665e86400866f5f0a22528a9f948759a296f4fdeb2e5f139d1bbf819,943360a9a5818959e33aa851d0ac4831c347ca8ca4b98b4e7e95a6abb99fcb34,e010ed09d4baf4ac5efe240fbdd22264e7caf3784e7fd56d689fc430610e13cc,0d3eb13046a372114ff88ccf4c3705c1d86a0f99f77e3dd055114c14340c20d3,24c74c480ffcc73fa7c6e68c3845ac69360a72caa534febb567d5738c0572a61,4eeee3ceb64fd387aac3516b4a719e97190a3af4e5a55f157a321505c26d5d5e,0.182811343,0.196547773,0000
1,001a,0010,e3b0c44298fc1c149afbf4c8996fb92427ae41e4649b934ca495991b7852b855,e3b0c44298fc1c149afbf4c8996fb92427ae41e4649b934ca495991b7852b855,a4f01d6f579ec90c9d792294a6957ae0ec7595322d54b66afd5af227b4c5082f,943360a9a5818959e33aa851d0ac4831c347ca8ca4b98b4e7e95a6abb99fcb34,e010ed09d4baf4ac5efe240fbdd22264e7caf3784e7fd56d689fc430610e13cc,0d3eb13046a372114ff88ccf4c3705c1d86a0f99f77e3dd055114c14340c20d3,a8e2c61819953da21ffd2e9b944637405aba4ee030dce57b1fb7f9fbbdf48b1b,1592846fe791a32663828cf08f2a28addcd210069c254d1e0d6c14a8f3fba573,0.183947942,0.196044388,0000
2,001a,0010,e3b0c44298fc1c149afbf4c8996fb92427ae41e4649b934ca495991b7852b855,e3b0c44298fc1c149afbf4c8996fb92427ae41e4649b934ca495991b7852b855,540747db3d4c6a93f8916804d6a818fc6c0d8d6eb27cbe3629f4d2fa72ee24ec,943360a9a5818959e33aa851d0ac4831c347ca8ca4b98b4e7e95a6abb99fcb34,e010ed09d4baf4ac5efe240fbdd22264e7caf3784e7fd56d689fc430610e13cc,0d3eb13046a372114ff88ccf4c3705c1d86a0f99f77e3dd055114c14340c20d3,f834189afbaf2f0afea1d22ecfdbf173a37d75c36a9b221de6f3ed241fff4ec7,3984d7d6482c3d7d5b1956541d1806f04a687e1bcb4c0c6427e04aba2304399d,0.183170184,0.194923061,0000
3,001a,0010,e3b0c44298fc1c149afbf4c8996fb92427ae41e4649b934ca495991b7852b855,e3b0c44298fc1c149afbf4c8996fb92427ae41e4649b934ca495991b7852b855,87b114b0eab3f0bb4add4bd06b87ef0b9d56f4ba293ee0f0dbfd936c026622a7,943360a9a5818959e33aa851d0ac4831c347ca8ca4b98b4e7e95a6abb99fcb34,e010ed09d4baf4ac5efe240fbdd22264e7caf3784e7fd56d689fc430610e13cc,0d3eb13046a372114ff88ccf4c3705c1d86a0f99f77e3dd055114c14340c20d3,ab5fab6f4848dd7d3d2fd183dd2aab44c251182953ff3d85f288ccfaedcadebc,e8649ee86baf4bdc3384171235ccb004cff70a6d6d88c3ed9e0929db836ec007,0.185943672,0.194946185,0000
4,001a,0010,e3b0c44298fc1c149afbf4c8996fb92427ae41e4649b934ca495991b7852b855,e3b0c44298fc1c149afbf4c8996fb92427ae41e4649b934ca495991b7852b855,867fc2a71438ee11bb527487ef25ed764c4a8586a351dadd2695ff4856dca3e2,943360a9a5818959e33aa851d0ac4831c347ca8ca4b98b4e7e95a6abb99fcb34,e010ed09d4baf4ac5efe240fbdd22264e7caf3784e7fd56d689fc430610e13cc,0d3eb13046a372114ff88ccf4c3705c1d86a0f99f77e3dd055114c14340c20d3,58f66790f247930af3dcd71a167e8823477f70ee35c73e39cd3aed872926c63f,e274576d7a0a2007d7758b286ed3291c90acd1800bdd8ff1d119d40a97672c8c,0.183946464,0.195045850,0000
5,001a,0010,e3b0c44298fc1c149afbf4c8996fb92427ae41e4649b934ca495991b7852b855,e3b0c44298fc1c149afbf4c8996fb92427ae41e4649b934ca495991b7852b855,aafc06855209089a2460484ee11d4326c76faece318056563ef87b5843e8bb14,943360a9a5818959e33aa851d0ac4831c347ca8ca4b98b4e7e95a6abb99fcb34,e010ed09d4baf4ac5efe240fbdd22264e7caf3784e7fd56d689fc430610e13cc,0d3eb13046a372114ff88ccf4c3705c1d86a0f99f77e3dd055114c14340c20d3,094476ca764e324c9bd287ed286bb549658e964f5eab83997b65dbbb50e28bb9,295ee0a483837d2cd46a23c2e8ba613b1d2b6d5b613f6405c01eada3cd3b714b,0.183171301,0.194926460,0000
6,001a,0010,e3b0c44298fc1c149afbf4c8996fb92427ae41e4649b934ca495991b7852b855,e3b0c44298fc1c149afbf4c8996fb92427ae41e4649b934ca495991b7852b855,d85b7a22d2e6b7c556597c6cff55f18d13d0e3989a1b4dec290b6016a2dafa8e,943360a9a5818959e33aa851d0ac4831c347ca8ca4b98b4e7e95a6abb99fcb34,e010ed09d4baf4ac5efe240fbdd22264e7caf3784e7fd56d689fc430610e13cc,0d3eb13046a372114ff88ccf4c3705c1d86a0f99f77e3dd055114c14340c20d3,08292c43274759589aab85398383081c39e05d7d0e16bc9426be93a92058f642,e258036f5a8c73b0c8db4bb1cdf19c7ae47b831ecafed0b0abeb67b06e7b77e5,0.183918740,0.193961638,0000
7,001a,0010,e3b0c44298fc1c149afbf4c8996fb92427ae41e4649b934ca495991b7852b855,e3b0c44298fc1c149afbf4c8996fb92427ae41e4649b934ca495991b7852b855,649571a2dbb7355489a536096d1a08c3438be04093b2becac451942ae0b2b233,943360a9a5818959e33aa851d0ac4831c347ca8ca4b98b4e7e95a6abb99fcb34,e010ed09d4baf4ac5efe240fbdd22264e7caf3784e7fd56d689fc430610e13cc,0d3eb13046a372114ff88ccf4c3705c1d86a0f99f77e3dd055114c14340c20d3,174be373ae5eb5bd7dc2167dd9691dc2324324b6e59b5e50bc8f5ef6f8c64e40,f50b86200ebd7f7507572be5b3860a094526839d21a6ab0a05b6501794d18e89,0.183968216,0.195055074,0000
8,001a,0010,e3b0c44298fc1c149afbf4c8996fb92427ae41e4649b934ca495991b7852b855,e3b0c44298fc1c149afbf4c8996fb92427ae41e4649b934ca495991b7852b855,cd5a14fdb70592bac2473a67096df59ea5e8af2f8d10a196dc51d895e185fde3,943360a9a5818959e33aa851d0ac4831c347ca8ca4b98b4e7e95a6abb99fcb34,e010ed09d4baf4ac5efe240fbdd22264e7caf3784e7fd56d689fc430610e13cc,0d3eb13046a372114ff88ccf4c3705c1d86a0f99f77e3dd055114c14340c20d3,422d64e15deab5f0a5e4ad2f6867a83044e2f1fd1a98929373c8778a882568e7,5ef5d613a329d19f2827bd74c3e6a86ace04594fba52fe53ed2da5ec322f9211,0.186999462,0.194017968,0000
9,001a,0010,e3b0c44298fc1c149afbf4c8996fb92427ae41e4649b934ca495991b7852b855,e3b0c44298fc1c149afbf4c8996fb92427ae41e4649b934ca495991b7852b855,014b4244d98104ca331ff2b225c912293df1b7fc87c3d886efe1ef43a259bc38,943360a9a5818959e33aa851d0ac4831c347ca8ca4b98b4e7e95a6abb99fcb34,e010ed09d4baf4ac5efe240fbdd22264e7caf3784e7fd56d689fc430610e13cc,0d3eb13046a372114ff88ccf4c3705c1d86a0f99f77e3dd055114c14340c20d3,eb6efdbef5de292ad02e36cbe5698d639b48d74ab1557afa2d07f76c0d36b511,86cac8b6a2f3a6ccad791608e08af421db4abdd0434242a25da17ba4097f98e0,0.183951923,0.196096172,0000
10,001a,0010,e3b0c44298fc1c149afbf4c8996fb92427ae41e4649b934ca495991b7852b855,e3b0c44298fc1c149afbf4c8996fb92427ae41e4649b934ca495991b7852b855,3e8b4ac4e5d9edbff95b089604a63f96e568c885c32888d204bc4334888bac52,943360a9a5818959e33aa851d0ac4831c347ca8ca4b98b4e7e95a6abb99fcb34,e010ed09d4baf4ac5efe240fbdd22264e7caf3784e7fd56d689fc430610e13cc,0d3eb13046a372114ff88ccf4c3705c1d86a0f99f77e3dd055114c14340c20d3,92977d9b666e51e01d210dde9fb100c835fdc9a4bea0ed72cb926a5b2dc52582,06774e05060416d073829781d945c337c4529f07749988d847c42bd84de9aab3,0.183945183,0.194938970,0000
11,001a,0010,e3b0c44298fc1c149afbf4c8996fb92427ae41e4649b934ca495991b7852b855,e3b0c44298fc1c149afbf4c8996fb92427ae41e4649b934ca495991b7852b855,aad5792281cb4c5053b1a75386d818d804d6e5752af5e67ea2e503280e3f6f7c,943360a9a5818959e33aa851d0ac4831c347ca8ca4b98b4e7e95a6abb99fcb34,e010ed09d4baf4ac5efe240fbdd22264e7caf3784e7fd56d689fc430610e13cc,0d3eb13046a372114ff88ccf4c3705c1d86a0f99f77e3dd055114c14340c20d3,8b554704ea7fde5b442d02f2252bb9455c0880dff7ea1a6bc002500fda59463e,b276994b86956f8b4f600faf281f30a95303439fa639d062bd8511eb0047187a,0.184049531,0.196044008,0000
12,001a,0010,e3b0c44298fc1c149afbf4c8996fb92427ae41e4649b934ca495991b7852b855,e3b0c44298fc1c149afbf4c8996fb92427ae41e4649b934ca495991b7852b855,1d78b17c3925276a2e860e1550c02aeb373ec5be0b4d5eef205f5c9052f5acdc,943360a9a5818959e33aa851d0ac4831c347ca8ca4b98b4e7e95a6abb99fcb34,e010ed09d4baf4ac5efe240fbdd22264e7caf3784e7fd56d689fc430610e13cc,0d3eb13046a372114ff88ccf4c3705c1d86a0f99f77e3dd055114c14340c20d3,ec2cebadbe741b24103f5641f71297faaa40ebe610eda35ca2b7c759f2050ad3,1efe79b11c4da108ec164de9c7c4b26e8689f0a353866ba1e94c59635d5e1a0b,0.186072470,0.194944466,0000
13,001a,0010,e3b0c44298fc1c149afbf4c8996fb92427ae41e4649b934ca495991b7852b855,e3b0c44298fc1c149afbf4c8996fb92427ae41e4649b934ca495991b7852b855,b9fe768121339194af05ded4fb8545aefb0b5360b094c398a663515017060377,943360a9a5818959e33aa851d0ac4831c347ca8ca4b98b4e7e95a6abb99fcb34,e010ed09d4baf4ac5efe240fbdd22264e7caf3784e7fd56d689fc430610e13cc,0d3eb13046a372114ff88ccf4c3705c1d86a0f99f77e3dd055114c14340c20d3,3aa9625ffa33e82ec0903722474523b677032ec50abc0f07f72a3d9e73576694,436556e24d67c9f205c2fc0c9f44c387148c55d3b07fe2f9931f5503193cd7b2,0.185950623,0.194916832,0000
14,001a,0010,e3b0c44298fc1c149afbf4c8996fb92427ae41e4649b934ca495991b7852b855,e3b0c44298fc1c149afbf4c8996fb92427ae41e4649b934ca495991b7852b855,cef0b4f8e528d6788db5096b5e1d5732d50e304d82b27369c5ae320eb90167ad,943360a9a5818959e33aa851d0ac4831c347ca8ca4b98b4e7e95a6abb99fcb34,e010ed09d4baf4ac5efe240fbdd22264e7caf3784e7fd56d689fc430610e13cc,0d3eb13046a372114ff88ccf4c3705c1d86a0f99f77e3dd055114c14340c20d3,9923fa66a9fcc2a10f5549e61e9b26c5bb67366c1b50c27f3d7b63047a5581d4,9f1f1809abaf61f96a69e5707a704941429c255feb947e05d1e3faba412ba57c,0.183078315,0.194921521,0000
15,001a,0010,e3b0c44298fc1c149afbf4c8996fb92427ae41e4649b934ca495991b7852b855,e3b0c44298fc1c149afbf4c8996fb92427ae41e4649b934ca495991b7852b855,54b10d206bef1faaec49e779dc51b3b149d5f687c72c8020d9e071df699af144,943360a9a5818959e33aa851d0ac4831c347ca8ca4b98b4e7e95a6abb99fcb34,e010ed09d4baf4ac5efe240fbdd22264e7caf3784e7fd56d689fc430610e13cc,0d3eb13046a372114ff88ccf4c3705c1d86a0f99f77e3dd055114c14340c20d3,48f59d520430359a3aaf866a697bc6dabce5981244b2d6bd81eef727d4db14d1,77aa6c638f8f761faf6888dc22302709c426f1be81a19e3363a30297fa496f70,0.183817807,0.196044335,0000
16,001a,0010,e3b0c44298fc1c149afbf4c8996fb92427ae41e4649b934ca495991b7852b855,e3b0c44298fc1c149afbf4c8996fb92427ae41e4649b934ca495991b7852b855,0de2eb831e499ec47bc528075b3a8b868bfc92769724ea17d905dd322731ffbc,943360a9a5818959e33aa851d0ac4831c347ca8ca4b98b4e7e95a6abb99fcb34,e010ed09d4baf4ac5efe240fbdd22264e7caf3784e7fd56d689fc430610e13cc,0d3eb13046a372114ff88ccf4c3705c1d86a0f99f77e3dd055114c14340c20d3,bca5d998134c6e1b853de64e045d4126c81505558c276caa2937dbd169350d6a,ee7e90deebb4686b4abf2702187093a332e628e69282d62b41a9afbae7c1354d,0.183980377,0.194167086,0000
17,001a,0010,e3b0c44298fc1c149afbf4c8996fb92427ae41e4649b934ca495991b7852b855,e3b0c44298fc1c149afbf4c8996fb92427ae41e4649b934ca495991b7852b855,99eacc400fa8b946d698cba5751761ed733d269515d66064a30fc1b1f6a9cd73,943360a9a5818959e33aa851d0ac4831c347ca8ca4b98b4e7e95a6abb99fcb34,e010ed09d4baf4ac5efe240fbdd22264e7caf3784e7fd56d689fc430610e13cc,0d3eb13046a372114ff88ccf4c3705c1d86a0f99f77e3dd055114c14340c20d3,18f4c67afa0b2450564939442b7adc6ea116dd6260d301447846c33b3ea8ee9f,06749cce666c738f19ed033f2e9a6d0f480e09e9f1e235767b35faa1f2aa572a,0.184084239,0.194899228,0000
18,001a,0010,e3b0c44298fc1c149afbf4c8996fb92427ae41e4649b934ca495991b7852b855,e3b0c44298fc1c149afbf4c8996fb92427ae41e4649b934ca495991b7852b855,c6d412597542fd5df61e8bce8a2ab0b779386a3d7188ee04fa396c857b4a7509,943360a9a5818959e33aa851d0ac4831c347ca8ca4b98b4e7e95a6abb99fcb34,e010ed09d4baf4ac5efe240fbdd22264e7caf3784e7fd56d689fc430610e13cc,0d3eb13046a372114ff88ccf4c3705c1d86a0f99f77e3dd055114c14340c20d3,ab6d166428e7e70a74010c1fe5c0a97478640845bdeb5dbab8ea1d997bfe74de,ef4c01dbfc7c258013f150f388054af63b325553b872dc1539cabcc57a687e5d,0.183941205,0.196130840,0000
19,001a,0010,e3b0c44298fc1c149afbf4c8996fb92427ae41e4649b934ca495991b7852b855,e3b0c44298fc1c149afbf4c8996fb92427ae41e4649b934ca495991b7852b855,691a920ce614b048b38fdf6d74fff03f025c20f2068f51f9ef382d7b6be86221,943360a9a5818959e33aa851d0ac4831c347ca8ca4b98b4e7e95a6abb99fcb34,e010ed09d4baf4ac5efe240fbdd22264e7caf3784e7fd56d689fc430610e13cc,0d3eb13046a372114ff88ccf4c3705c1d86a0f99f77e3dd055114c14340c20d3,0938d5d94c1b4030211cba085032a0bebd98fbccf836ca38a974bb05d055583b,017193c784b54b1fa63cea25766f2f94e77619388665d105a8225e15edda90a3,0.183157401,0.194834130,0000
20,001a,0010,e3b0c44298fc1c149afbf4c8996fb92427ae41e4649b934ca495991b7852b855,e3b0c44298fc1c149afbf4c8996fb92427ae41e4649b934ca495991b7852b855,3d269546792be40f88580789bb8667383b75e1f66e152eec6119c4453ead7a3f,943360a9a5818959e33aa851d0ac4831c347ca8ca4b98b4e7e95a6abb99fcb34,e010ed09d4baf4ac5efe240fbdd22264e7caf3784e7fd56d689fc430610e13cc,0d3eb13046a372114ff88ccf4c3705c1d86a0f99f77e3dd055114c14340c20d3,68cbab78be2aba1512256156b08ee07b696e9c4c97d680339ba2fcb9ae360ea4,aa30924fb2a8a2b262e117ec28aa7c7a1ac16e459427e02410a964b68932ad6f,0.184016537,0.194976521,0000
21,001a,0010,e3b0c44298fc1c149afbf4c8996fb92427ae41e4649b934ca495991b7852b855,e3b0c44298fc1c149afbf4c8996fb92427ae41e4649b934ca495991b7852b855,d68726646b1979d00dc86c156c09dc55ec616cbdbca39563dae2f8bf3cb66e17,943360a9a5818959e33aa851d0ac4831c347ca8ca4b98b4e7e95a6abb99fcb34,e010ed09d4baf4ac5efe240fbdd22264e7caf3784e7fd56d689fc430610e13cc,0d3eb13046a372114ff88ccf4c3705c1d86a0f99f77e3dd055114c14340c20d3,5139c91b1185f3237f633e0ca49d36edc953aca382988341a71a27a87633347b,e7ec4b110395a569c1b530fc3c18e76c1ff44758dcf4f0553fa02e9be6f02c6e,0.182840044,0.194065883,0000
22,001a,0010,e3b0c44298fc1c149afbf4c8996fb92427ae41e4649b934ca495991b7852b855,e3b0c44298fc1c149afbf4c8996fb92427ae41e4649b934ca495991b7852b855,49b678794b8c68f374d2b3a06df646ad0814f54d78cd107b09c2369355922e4c,943360a9a5818959e33aa851d0ac4831c347ca8ca4b98b4e7e95a6abb99fcb34,e010ed09d4baf4ac5efe240fbdd22264e7caf3784e7fd56d689fc430610e13cc,0d3eb13046a372114ff88ccf4c3705c1d86a0f99f77e3dd055114c14340c20d3,d0a945e866e5d5bac8c397277c429528d6c33d1a3316b784eecc8be26f114b68,3d6abaff84b234e1c3d38dadb2d7b97eab8a2e0b00f15c082f070217efde3a81,0.183143955,0.194952465,0000
23,001a,0010,e3b0c44298fc1c149afbf4c8996fb92427ae41e4649b934ca495991b7852b855,e3b0c44298fc1c149afbf4c8996fb92427ae41e4649b934ca495991b7852b855,5f832d090de9af7e1b2742743c43f74ec256fc882f9faef1269c44cb4d554a5f,943360a9a5818959e33aa851d0ac4831c347ca8ca4b98b4e7e95a6abb99fcb34,e010ed09d4baf4ac5efe240fbdd22264e7caf3784e7fd56d689fc430610e13cc,0d3eb13046a372114ff88ccf4c3705c1d86a0f99f77e3dd055114c14340c20d3,a3be8e69de629f32f7c305c0bb57d9b57dbb16944e0b6facc3e17eb55b6a757c,912f4e4036766dc666b3f6e672fcf1db3e36f05d6c629e1c97185a7b9f84a850,0.183950653,0.195026267,0000
24,001a,0010,e3b0c44298fc1c149afbf4c8996fb92427ae41e4649b934ca495991b7852b855,e3b0c44298fc1c149afbf4c8996fb92427ae41e4649b934ca495991b7852b855,2545fc5263c6130c0a994e89d9745829c4de353bc7a6d4370001dc38aac2b0cc,943360a9a5818959e33aa851d0ac4831c347ca8ca4b98b4e7e95a6abb99fcb34,e010ed09d4baf4ac5efe240fbdd22264e7caf3784e7fd56d689fc430610e13cc,0d3eb13046a372114ff88ccf4c3705c1d86a0f99f77e3dd055114c14340c20d3,b9a737e462ae84f169c5207e54ede8c845c139106333980fef7a332199c91262,f41d8401f78a6f947822c39cd5f13aa68c409a73d0d3d2b63bd67cc8bf31247d,0.182811399,0.195079125,0000
25,001a,0010,e3b0c44298fc1c149afbf4c8996fb92427ae41e4649b934ca495991b7852b855,e3b0c44298fc1c149afbf4c8996fb92427ae41e4649b934ca495991b7852b855,aa98647a2465a69125b7bd17a358b02a7a6629df19f81c360a44b51e57a3481a,943360a9a5818959e33aa851d0ac4831c347ca8ca4b98b4e7e95a6abb99fcb34,e010ed09d4baf4ac5efe240fbdd22264e7caf3784e7fd56d689fc430610e13cc,0d3eb13046a372114ff88ccf4c3705c1d86a0f99f77e3dd055114c14340c20d3,48263f3f4369e445328dd686573eb6006fecf2c59fc7c8e7e6edbd79222181c9,b6a0f65fdfa2da0d53740248f696f039202bf452f0f35f2deee18b487394ba04,0.183840493,0.196142679,0000
26,001a,0010,e3b0c44298fc1c149afbf4c8996fb92427ae41e4649b934ca495991b7852b855,e3b0c44298fc1c149afbf4c8996fb92427ae41e4649b934ca495991b7852b855,3b6bf51d4bcffd835beccbc7a9dd1dd6c874bc18606733a6a673c0394309c0ff,943360a9a5818959e33aa851d0ac4831c347ca8ca4b98b4e7e95a6abb99fcb34,e010ed09d4baf4ac5efe240fbdd22264e7caf3784e7fd56d689fc430610e13cc,0d3eb13046a372114ff88ccf4c3705c1d86a0f99f77e3dd055114c14340c20d3,a598c2a7cf674cf7938d24ede1191c195706cfbc2e7be683c26ab430244965bd,fb891dd65634e3dd57d8e423a0d690f22948f34e9f6ea558efd2ac43bc60690a,0.186051496,0.196047692,0000
27,001a,0010,e3b0c44298fc1c149afbf4c8996fb92427ae41e4649b934ca495991b7852b855,e3b0c44298fc1c149afbf4c8996fb92427ae41e4649b934ca495991b7852b855,5a2cbaa017d8122aa8ae158a605d56a8cca357af71d637599325b2ecc97b4eb0,943360a9a5818959e33aa851d0ac4831c347ca8ca4b98b4e7e95a6abb99fcb34,e010ed09d4baf4ac5efe240fbdd22264e7caf3784e7fd56d689fc430610e13cc,0d3eb13046a372114ff88ccf4c3705c1d86a0f99f77e3dd055114c14340c20d3,4b6d5a7491314cf823aba9c4bc8f35c67d5ae28ecccf25ec70a209af7e1fa5f6,e51ef190c0f6cb15d27c75fa5e16b536085ef37cc43b193ee8212ca100ca3db8,0.183914016,0.194973601,0000
28,001a,0010,e3b0c44298fc1c149afbf4c8996fb92427ae41e4649b934ca495991b7852b855,e3b0c44298fc1c149afbf4c8996fb92427ae41e4649b934ca495991b7852b855,670852e55f71100d40e975783f7fffb8a1ab5cc13b0fe269889eab26023db053,943360a9a5818959e33aa851d0ac4831c347ca8ca4b98b4e7e95a6abb99fcb34,e010ed09d4baf4ac5efe240fbdd22264e7caf3784e7fd56d689fc430610e13cc,0d3eb13046a372114ff88ccf4c3705c1d86a0f99f77e3dd055114c14340c20d3,b0873feb852378668732e1eb984f0445a5536652e5e3d87a14b77f09c7593871,df85bc85a59abcea60782fb78a4ab3bb372ffe08b6e1e14c843567ebb8220b2d,0.183943336,0.195155925,0000
29,001a,0010,e3b0c44298fc1c149afbf4c8996fb92427ae41e4649b934ca495991b7852b855,e3b0c44298fc1c149afbf4c8996fb92427ae41e4649b934ca495991b7852b855,bd9ea9647466a91b89860db8713a14858fd801731af0956477320dc2f981d30d,943360a9a5818959e33aa851d0ac4831c347ca8ca4b98b4e7e95a6abb99fcb34,e010ed09d4baf4ac5efe240fbdd22264e7caf3784e7fd56d689fc430610e13cc,0d3eb13046a372114ff88ccf4c3705c1d86a0f99f77e3dd055114c14340c20d3,1a675e28d55e9f92b600bc98e2a42273d7df583e4fcd0640d5015afd916b4ca3,d108e04af1a94383890a4119e4a63a7ebbc0e69969a9fd3b630e1ac6cf6d5a8a,0.185943965,0.194945978,0000
30,001a,0010,e3b0c44298fc1c149afbf4c8996fb92427ae41e4649b934ca495991b7852b855,e3b0c44298fc1c149afbf4c8996fb92427ae41e4649b934ca495991b7852b855,bdbb9c8f31c03649b155193de443d4b245633a8c2f8fdba357ff91db5cdbd109,943360a9a5818959e33aa851d0ac4831c347ca8ca4b98b4e7e95a6abb99fcb34,e010ed09d4baf4ac5efe240fbdd22264e7caf3784e7fd56d689fc430610e13cc,0d3eb13046a372114ff88ccf4c3705c1d86a0f99f77e3dd055114c14340c20d3,e500fa2ccbf344385a545419531ccccb5606045b3afd5a97fb23d4fe2ec659e3,5beb7b7b7676049927dd2d47bf1d1669439a751aaff46d157b402ca1d33886db,0.183947526,0.196045723,0000
31,001a,0010,e3b0c44298fc1c149afbf4c8996fb92427ae41e4649b934ca495991b7852b855,e3b0c44298fc1c149afbf4c8996fb92427ae41e4649b934ca495991b7852b855,10f457be6570600d8a025d8dfbdac34c910b022b0d8e343fbbc53f4f17f74df8,943360a9a5818959e33aa851d0ac4831c347ca8ca4b98b4e7e95a6abb99fcb34,e010ed09d4baf4ac5efe240fbdd22264e7caf3784e7fd56d689fc430610e13cc,0d3eb13046a372114ff88ccf4c3705c1d86a0f99f77e3dd055114c14340c20d3,ecb789a7ff920e72d16dfd969ecd66485942001f6f982055bd4f7f63dcb3c5d5,cb74bc601229cdd2e3f8bfd10014ebe30293c3543d3b050f24be68558c01ee8d,0.183967297,0.196149118,0000
32,001a,0010,e3b0c44298fc1c149afbf4c8996fb92427ae41e4649b934ca495991b7852b855,e3b0c44298fc1c149afbf4c8996fb92427ae41e4649b934ca495991b7852b855,b8529ee3bb3886c2cac8aebafd0edc0d8223665f7c3b267f58d6da16d07bee5b,943360a9a5818959e33aa851d0ac4831c347ca8ca4b98b4e7e95a6abb99fcb34,e010ed09d4baf4ac5efe240fbdd22264e7caf3784e7fd56d689fc430610e13cc,0d3eb13046a372114ff88ccf4c3705c1d86a0f99f77e3dd055114c14340c20d3,1b10e24b14e218b42ec2ed0158ed2baf82e9f858804815386460439467f0b45d,af41502c25c00925be78332638c02104093a9ec9395104bb489d3134af933d34,0.185928787,0.194941214,0000
33,001a,0010,e3b0c44298fc1c149afbf4c8996fb92427ae41e4649b934ca495991b7852b855,e3b0c44298fc1c149afbf4c8996fb92427ae41e4649b934ca495991b7852b855,06ccd804927a6bb21740d7d557978d5eba78778928f8a486d220c790c7cb7bc6,943360a9a5818959e33aa851d0ac4831c347ca8ca4b98b4e7e95a6abb99fcb34,e010ed09d4baf4ac5efe240fbdd22264e7caf3784e7fd56d689fc430610e13cc,0d3eb13046a372114ff88ccf4c3705c1d86a0f99f77e3dd055114c14340c20d3,20abf3934f96c565bf7662d70dad56eb53c92afec36f428f0a48d38a3d6fd5d0,22e86e6ac7a88dba632abe694e8eca9c72dd63689607eb168a09779416e5f93e,0.183946537,0.195041142,0000
34,001a,0010,e3b0c44298fc1c149afbf4c8996fb92427ae41e4649b934ca495991b7852b855,e3b0c44298fc1c149afbf4c8996fb92427ae41e4649b934ca495991b7852b855,3beed1598645c0762748fa51cbead72a2125e02f1beb9bc73a9d2935eae6ff29,943360a9a5818959e33aa851d0ac4831c347ca8ca4b98b4e7e95a6abb99fcb34,e010ed09d4baf4ac5efe240fbdd22264e7caf3784e7fd56d689fc430610e13cc,0d3eb13046a372114ff88ccf4c3705c1d86a0f99f77e3dd055114c14340c20d3,a0fde4ce306bea50455822f7d7b43c43955ac6768f0e39424e64227b660d5f55,ec831238d0907f47edc7d07e7bb8b31f0d96a43406467d04ca54618bed63dea9,0.186065971,0.195927769,0000
35,001a,0010,e3b0c44298fc1c149afbf4c8996fb92427ae41e4649b934ca495991b7852b855,e3b0c44298fc1c149afbf4c8996fb92427ae41e4649b934ca495991b7852b855,08f77ce365d9b9ba25e7cfeec1a8c9b064abc56b09b5f66946d4740c1bbe9d85,943360a9a5818959e33aa851d0ac4831c347ca8ca4b98b4e7e95a6abb99fcb34,e010ed09d4baf4ac5efe240fbdd22264e7caf3784e7fd56d689fc430610e13cc,0d3eb13046a372114ff88ccf4c3705c1d86a0f99f77e3dd055114c14340c20d3,68ea945f2436b4f548518cf22c77b0ae895eb2261838eb86db4dfc63453d5b62,6d1705d25cbeb3fc2b421b03a5db91cecf6d5305fe6fe20ee0aaaf38a685ac04,0.186074596,0.195044346,0000
36,001a,0010,e3b0c44298fc1c149afbf4c8996fb92427ae41e4649b934ca495991b7852b855,e3b0c44298fc1c149afbf4c8996fb92427ae41e4649b934ca495991b7852b855,20bff9b602b0b4d74466164fc6ef44d078431f7419624eeb5922181b396d0187,943360a9a5818959e33aa851d0ac4831c347ca8ca4b98b4e7e95a6abb99fcb34,e010ed09d4baf4ac5efe240fbdd22264e7caf3784e7fd56d689fc430610e13cc,0d3eb13046a372114ff88ccf4c3705c1d86a0f99f77e3dd055114c14340c20d3,cd5779b0b6c766a6349d79f7d08f13dd7a0c767625fddb9aba2ab890b553d188,b64d90308cec4ac9af95f735c6f6561648d27489f591ecb9967d4e805b014511,0.184054476,0.194918347,0000
37,001a,0010,e3b0c44298fc1c149afbf4c8996fb92427ae41e4649b934ca495991b7852b855,e3b0c44298fc1c149afbf4c8996fb92427ae41e4649b934ca495991b7852b855,4d58be1a456411ac59060f322fdad4460a45dbba8b1e70587072454f9eeaf47d,943360a9a5818959e33aa851d0ac4831c347ca8ca4b98b4e7e95a6abb99fcb34,e010ed09d4baf4ac5efe240fbdd22264e7caf3784e7fd56d689fc430610e13cc,0d3eb13046a372114ff88ccf4c3705c1d86a0f99f77e3dd055114c14340c20d3,2412a68a79efe2f1ed0a0aafd44790d9ffaebf234986446dfd2c21152b6366ac,cf0f5bdaea8afa93948228b238ee4d16fd269d6bbb7e4a3c929d79bf7216919f,0.185944419,0.194938667,0000
38,001a,0010,e3b0c44298fc1c149afbf4c8996fb92427ae41e4649b934ca495991b7852b855,e3b0c44298fc1c149afbf4c8996fb92427ae41e4649b934ca495991b7852b855,dd75d8239bfc1ceb504f84fa1edc6f7599d4428829b3bf5cd237e1b7cd530105,943360a9a5818959e33aa851d0ac4831c347ca8ca4b98b4e7e95a6abb99fcb34,e010ed09d4baf4ac5efe240fbdd22264e7caf3784e7fd56d689fc430610e13cc,0d3eb13046a372114ff88ccf4c3705c1d86a0f99f77e3dd055114c14340c20d3,616ef86225d4839bd9800fd7fa50c7de49e2719d7b64d4acdbc893150628762e,e6e1b18c5aa9e2e11a40c096faf8c5de8b8ec4aed7931a6786d88170c3be037b,0.186056632,0.196045262,0000
39,001a,0010,e3b0c44298fc1c149afbf4c8996fb92427ae41e4649b934ca495991b7852b855,e3b0c44298fc1c149afbf4c8996fb92427ae41e4649b934ca495991b7852b855,c2fcac4d3d4c904277491314c77a781a047e9f71266abceeafaa2a130e40bb0e,943360a9a5818959e33aa851d0ac4831c347ca8ca4b98b4e7e95a6abb99fcb34,e010ed09d4baf4ac5efe240fbdd22264e7caf3784e7fd56d689fc430610e13cc,0d3eb13046a372114ff88ccf4c3705c1d86a0f99f77e3dd055114c14340c20d3,65d1214bf12a062a594cfd3ce7c5c24c3328f1fa563b6493ed44df9db49f66d1,68e51158875e7ce01f0f346cf47be7d401f4bd3b24873a01e95b3cc3ea2848ab,0.184050198,0.194939034,0000
40,001a,0010,e3b0c44298fc1c149afbf4c8996fb92427ae41e4649b934ca495991b7852b855,e3b0c44298fc1c149afbf4c8996fb92427ae41e4649b934ca495991b7852b855,4e73812e7399672bcfe67bf1e271db88d7093ed1908347ab421d0f6ae1c94520,943360a9a5818959e33aa851d0ac4831c347ca8ca4b98b4e7e95a6abb99fcb34,e010ed09d4baf4ac5efe240fbdd22264e7caf3784e7fd56d689fc430610e13cc,0d3eb13046a372114ff88ccf4c3705c1d86a0f99f77e3dd055114c14340c20d3,fdfdb47d1c02515942bd4bcdd922140519cea3f44d0e93de8e5a7fcc29fd989e,4c3bfd06f9ffa098c70ac49f78be14eb79d23287aff0e02921e53425113c8ed3,0.183719704,0.195047479,0000
41,001a,0010,e3b0c44298fc1c149afbf4c8996fb92427ae41e4649b934ca495991b7852b855,e3b0c44298fc1c149afbf4c8996fb92427ae41e4649b934ca495991b7852b855,8b12f7629ee12b4b1b48256b6cdbe7f79b83ebcc48b83456aca424178edb9c78,943360a9a5818959e33aa851d0ac4831c347ca8ca4b98b4e7e95a6abb99fcb34,e010ed09d4baf4ac5efe240fbdd22264e7caf3784e7fd56d689fc430610e13cc,0d3eb13046a372114ff88ccf4c3705c1d86a0f99f77e3dd055114c14340c20d3,6f0240aa9fc3da61a878764494eeb867818093f483df7bf9f41c45603ba7df12,fa1ae42273381c54ec2e87202ca3fcf5eba80333e36b02c2120822178f866d28,0.185944155,0.196163171,0000
42,001a,0010,e3b0c44298fc1c149afbf4c8996fb92427ae41e4649b934ca495991b7852b855,e3b0c44298fc1c149afbf4c8996fb92427ae41e4649b934ca495991b7852b855,36c6da2d29fcbbffcade6098a5a5a7a0fbb58e25e2d1a5b720d24e86f017607a,943360a9a5818959e33aa851d0ac4831c347ca8ca4b98b4e7e95a6abb99fcb34,e010ed09d4baf4ac5efe240fbdd22264e7caf3784e7fd56d689fc430610e13cc,0d3eb13046a372114ff88ccf4c3705c1d86a0f99f77e3dd055114c14340c20d3,5f9c81f18c754d7bae52835454f090cabc31b1aeff993df9acc265e7c17d5c04,401c68c414d967719f711e7e7361cb3984a56dd9c50e8da9db1ed59051cbd257,0.183946313,0.195150815,0000
43,001a,0010,e3b0c44298fc1c149afbf4c8996fb92427ae41e4649b934ca495991b7852b855,e3b0c44298fc1c149afbf4c8996fb92427ae41e4649b934ca495991b7852b855,e61391150c9c916cf9d8a6acf7004ad6fc6a4d57db3472d0b5b1fdeba47decd2,943360a9a5818959e33aa851d0ac4831c347ca8ca4b98b4e7e95a6abb99fcb34,e010ed09d4baf4ac5efe240fbdd22264e7caf3784e7fd56d689fc430610e13cc,0d3eb13046a372114ff88ccf4c3705c1d86a0f99f77e3dd055114c14340c20d3,f259315847874fbcc4a9bd3b30fbe3744124cae6862bf65c221748ee208f12c7,c0d5fdb75d9ff7f39c9979878cc09d5a4571bf227b4ca64c824100a6693e5c18,0.186046295,0.194943736,0000
44,001a,0010,e3b0c44298fc1c149afbf4c8996fb92427ae41e4649b934ca495991b7852b855,e3b0c44298fc1c149afbf4c8996fb92427ae41e4649b934ca495991b7852b855,49dd79c04f32d59c4c1d78c449e29b1c4635cedafef1e62cb76ac79a5b9e8a00,943360a9a5818959e33aa851d0ac4831c347ca8ca4b98b4e7e95a6abb99fcb34,e010ed09d4baf4ac5efe240fbdd22264e7caf3784e7fd56d689fc430610e13cc,0d3eb13046a372114ff88ccf4c3705c1d86a0f99f77e3dd055114c14340c20d3,cf36c984d20f1ffc8e59bab968de306441c3deece2d4ce8c73620ff0e50d6ab5,15d66d9838c3dde84d07a640a9a69eaf7563f1d9cf71d8b13fd41a1664f45374,0.183837510,0.195054728,0000
45,001a,0010,e3b0c44298fc1c149afbf4c8996fb92427ae41e4649b934ca495991b7852b855,e3b0c44298fc1c149afbf4c8996fb92427ae41e4649b934ca495991b7852b855,1fb561b5a53b827d94cca13724e44aa5ac07a257d5d29b3000033878e5fee108,943360a9a5818959e33aa851d0ac4831c347ca8ca4b98b4e7e95a6abb99fcb34,e010ed09d4baf4ac5efe240fbdd22264e7caf3784e7fd56d689fc430610e13cc,0d3eb13046a372114ff88ccf4c3705c1d86a0f99f77e3dd055114c14340c20d3,2b29af1d25264a8c453676a8723d9f51fc90cead6baf096bf7c50219d796ee64,b1aa600451194e830889b4f9cc2bab41f8d8803d64f693e99372328fba7284d3,0.184052897,0.195043097,0000
46,001a,0010,e3b0c44298fc1c149afbf4c8996fb92427ae41e4649b934ca495991b7852b855,e3b0c44298fc1c149afbf4c8996fb92427ae41e4649b934ca495991b7852b855,a3a1a3f23661cba5c8b4f1b137ba8d047eaeed88a523466291ef193f2418d65a,943360a9a5818959e33aa851d0ac4831c347ca8ca4b98b4e7e95a6abb99fcb34,e010ed09d4baf4ac5efe240fbdd22264e7caf3784e7fd56d689fc430610e13cc,0d3eb13046a372114ff88ccf4c3705c1d86a0f99f77e3dd055114c14340c20d3,a4a78a126931eeb4f5935919f3eef3b786090a66643abebc95cb36bcd3e784ff,0740b576a82158aa7c87f51aa54b73d623eee81b186d87472bb6098357a000ac,0.184024342,0.194967167,0000
47,001a,0010,e3b0c44298fc1c149afbf4c8996fb92427ae41e4649b934ca495991b7852b855,e3b0c44298fc1c149afbf4c8996fb92427ae41e4649b934ca495991b7852b855,694ac930df2803f4d528614d958525e57d83143edbb7ed74d88ef355d02131e5,943360a9a5818959e33aa851d0ac4831c347ca8ca4b98b4e7e95a6abb99fcb34,e010ed09d4baf4ac5efe240fbdd22264e7caf3784e7fd56d689fc430610e13cc,0d3eb13046a372114ff88ccf4c3705c1d86a0f99f77e3dd055114c14340c20d3,cc5841415be275909b1da72d16f55f41ca4eb1617a3db23cff1ffc51def526d6,c1e4d9de884cf3cc4edd04288322cafbe5f004b3932b16d3fd17c6d1fb615f23,0.183954657,0.195042946,0000
48,001a,0010,e3b0c44298fc1c149afbf4c8996fb92427ae41e4649b934ca495991b7852b855,e3b0c44298fc1c149afbf4c8996fb92427ae41e4649b934ca495991b7852b855,cb542f27b45388e4cc16c8b5fd31b5e9ea822e5e05ad4f7a4047e236292d2076,943360a9a5818959e33aa851d0ac4831c347ca8ca4b98b4e7e95a6abb99fcb34,e010ed09d4baf4ac5efe240fbdd22264e7caf3784e7fd56d689fc430610e13cc,0d3eb13046a372114ff88ccf4c3705c1d86a0f99f77e3dd055114c14340c20d3,613b7a72af5a7bbc2e4a298099cbe99262412c740a61b3cdf001a9c07150e410,610d8db8337d11c1ca5d56fc6f3c6a3daea8f64af9459f81f45e463746ddbd04,0.186050368,0.194935983,0000
49,001a,0010,e3b0c44298fc1c149afbf4c8996fb92427ae41e4649b934ca495991b7852b855,e3b0c44298fc1c149afbf4c8996fb92427ae41e4649b934ca495991b7852b855,8faf587bf6cadf48a9cb3fce441beaec5c15173b07ed9b73491cdd045d5f2105,943360a9a5818959e33aa851d0ac4831c347ca8ca4b98b4e7e95a6abb99fcb34,e010ed09d4baf4ac5efe240fbdd22264e7caf3784e7fd56d689fc430610e13cc,0d3eb13046a372114ff88ccf4c3705c1d86a0f99f77e3dd055114c14340c20d3,141d9c5495933f20ddd607f85a31dc347400dfc8a272735812962cd552e875fa,7335e03d31197ce3522838dc2a6d7896f17eadc37f5c733abe5ec8d0b62d7020,0.183944470,0.194944414,0000
50,001a,0010,e3b0c44298fc1c149afbf4c8996fb92427ae41e4649b934ca495991b7852b855,e3b0c44298fc1c149afbf4c8996fb92427ae41e4649b934ca495991b7852b855,103929089c971507b300ac3ae7eaf5faf66188775819149a8b6b8f8fe5bc729c,943360a9a5818959e33aa851d0ac4831c347ca8ca4b98b4e7e95a6abb99fcb34,e010ed09d4baf4ac5efe240fbdd22264e7caf3784e7fd56d689fc430610e13cc,0d3eb13046a372114ff88ccf4c3705c1d86a0f99f77e3dd055114c14340c20d3,ffbc17653638f9d9cb8e1f5308afdb41487ff17cd52303971a5382faedc21d84,0790a050fe7fc93ca95649873106e37ea72f3f9fe4decee9295b125e6c2d6214,0.184084777,0.196045175,0000
51,001a,0010,e3b0c44298fc1c149afbf4c8996fb92427ae41e4649b934ca495991b7852b855,e3b0c44298fc1c149afbf4c8996fb92427ae41e4649b934ca495991b7852b855,00ee485867f193f3ba60f935881a18397b46a07007e904c43819bc21e61c72e9,943360a9a5818959e33aa851d0ac4831c347ca8ca4b98b4e7e95a6abb99fcb34,e010ed09d4baf4ac5efe240fbdd22264e7caf3784e7fd56d689fc430610e13cc,0d3eb13046a372114ff88ccf4c3705c1d86a0f99f77e3dd055114c14340c20d3,c954c2a6dd91d453f2019bfd72e7ad4bb6a38f9e32732aa326098286cfe07361,460056c40bf48ccd4868804021eca4d8bffa2be30fb6bf0cb4806a53d83960bf,0.183771272,0.195012427,0000
52,001a,0010,e3b0c44298fc1c149afbf4c8996fb92427ae41e4649b934ca495991b7852b855,e3b0c44298fc1c149afbf4c8996fb92427ae41e4649b934ca495991b7852b855,d4f596a3e846c20fb56455e4e3593b5759ce8a26228ac92c1023bb45390736c6,943360a9a5818959e33aa851d0ac4831c347ca8ca4b98b4e7e95a6abb99fcb34,e010ed09d4baf4ac5efe240fbdd22264e7caf3784e7fd56d689fc430610e13cc,0d3eb13046a372114ff88ccf4c3705c1d86a0f99f77e3dd055114c14340c20d3,32803600737a72d7904115b05bf66f0542a588db2a4f1a27ef632ee66206fa7f,7495b1879fa2e0f20bb1d379247430fb594397916e4dc16036a8c2f83527e4f8,0.183843652,0.195220664,0000
53,001a,0010,e3b0c44298fc1c149afbf4c8996fb92427ae41e4649b934ca495991b7852b855,e3b0c44298fc1c149afbf4c8996fb92427ae41e4649b934ca495991b7852b855,0fa7655191387d780b04311d0bd58bec855dd6719726c85a63d21adf4a0a0d28,943360a9a5818959e33aa851d0ac4831c347ca8ca4b98b4e7e95a6abb99fcb34,e010ed09d4baf4ac5efe240fbdd22264e7caf3784e7fd56d689fc430610e13cc,0d3eb13046a372114ff88ccf4c3705c1d86a0f99f77e3dd055114c14340c20d3,04b33330927df4751277e0c7818e4ee5909349e0f17d2b7f220a77918c762b78,3fdd1660da23a83cd547d0eabc7c28b29786c93597604659c237383124128068,0.183945187,0.195045295,0000
54,001a,0010,e3b0c44298fc1c149afbf4c8996fb92427ae41e4649b934ca495991b7852b855,e3b0c44298fc1c149afbf4c8996fb92427ae41e4649b934ca495991b7852b855,b995f7564c9e90903c1fa1479bff692e16923566a079849bcf0579555d995a03,943360a9a5818959e33aa851d0ac4831c347ca8ca4b98b4e7e95a6abb99fcb34,e010ed09d4baf4ac5efe240fbdd22264e7caf3784e7fd56d689fc430610e13cc,0d3eb13046a372114ff88ccf4c3705c1d86a0f99f77e3dd055114c14340c20d3,70fe78790651b6301f208640613077c7167523d5581b647046311a2c587220e0,4a56511eb0182d4b5a8a0efe490e9f8f414a6449cfb4f0deae22db219fbf5828,0.183064710,0.195926409,0000
55,001a,0010,e3b0c44298fc1c149afbf4c8996fb92427ae41e4649b934ca495991b7852b855,e3b0c44298fc1c149afbf4c8996fb92427ae41e4649b934ca495991b7852b855,9b0dbc518c96d5926296a01f0118377ad4155b2fa1540f752236a299ead4c9c9,943360a9a5818959e33aa851d0ac4831c347ca8ca4b98b4e7e95a6abb99fcb34,e010ed09d4baf4ac5efe240fbdd22264e7caf3784e7fd56d689fc430610e13cc,0d3eb13046a372114ff88ccf4c3705c1d86a0f99f77e3dd055114c14340c20d3,1b2ec38539d9e187f54f8fbebf967126b70597e0f345611dcc93db41848c6709,07909a0eb27d8c6160bcb295557ad8bef1888539c296af3fec615a65dc3d2c1b,0.185947082,0.196046149,0000
56,001a,0010,e3b0c44298fc1c149afbf4c8996fb92427ae41e4649b934ca495991b7852b855,e3b0c44298fc1c149afbf4c8996fb92427ae41e4649b934ca495991b7852b855,9e8d18c371f56c2cbe7ab596fa9b7116073747f9cdd9efcc37490e62a2de95cb,943360a9a5818959e33aa851d0ac4831c347ca8ca4b98b4e7e95a6abb99fcb34,e010ed09d4baf4ac5efe240fbdd22264e7caf3784e7fd56d689fc430610e13cc,0d3eb13046a372114ff88ccf4c3705c1d86a0f99f77e3dd055114c14340c20d3,bbbfdef50ce71bd841f919fb1bfe87c8b5787660d044f8069cdcd916e7bb16cf,e996bbf9b6a3de57b2f6bbac81e2b59bd1445b93408a648c7c5672b5136df47f,0.182851422,0.195170297,0000
57,001a,0010,e3b0c44298fc1c149afbf4c8996fb92427ae41e4649b934ca495991b7852b855,e3b0c44298fc1c149afbf4c8996fb92427ae41e4649b934ca495991b7852b855,bc89b36b102fd24076eeba54e73747c49b1b146e6702f438e0e39f9e1b4c7c49,943360a9a5818959e33aa851d0ac4831c347ca8ca4b98b4e7e95a6abb99fcb34,e010ed09d4baf4ac5efe240fbdd22264e7caf3784e7fd56d689fc430610e13cc,0d3eb13046a372114ff88ccf4c3705c1d86a0f99f77e3dd055114c14340c20d3,95145b0f7fafc352d213100c7d10d2ceea4828f9bbe657ea7dab145abbe71a55,bd4dcf8b1e2052de6fe6ab01d5d64eeb8d60386e44276cb4ebb5acc69ac308fa,0.183944223,0.195017090,0000
58,001a,0010,e3b0c44298fc1c149afbf4c8996fb92427ae41e4649b934ca495991b7852b855,e3b0c44298fc1c149afbf4c8996fb92427ae41e4649b934ca495991b7852b855,ae89b0f5cae3a40e4e36f998d9ba3c07063f23b40440f63b6d9c847179e5b78c,943360a9a5818959e33aa851d0ac4831c347ca8ca4b98b4e7e95a6abb99fcb34,e010ed09d4baf4ac5efe240fbdd22264e7caf3784e7fd56d689fc430610e13cc,0d3eb13046a372114ff88ccf4c3705c1d86a0f99f77e3dd055114c14340c20d3,86857a9d175417697e952adc4398b9f8a265d5d166b5de0f9aad55f99f7846e2,657b6dbbf07efbdc17f5a65f4c3986671b7e96326ef94eeaaa187ba64c7ddc0b,0.186014669,0.195083541,0000
59,001a,0010,e3b0c44298fc1c149afbf4c8996fb92427ae41e4649b934ca495991b7852b855,e3b0c44298fc1c149afbf4c8996fb92427ae41e4649b934ca495991b7852b855,7cf7bd7c7c9f71170ae49a88b181575bb6e722bf4ccd562293c160be9f897522,943360a9a5818959e33aa851d0ac4831c347ca8ca4b98b4e7e95a6abb99fcb34,e010ed09d4baf4ac5efe240fbdd22264e7caf3784e7fd56d689fc430610e13cc,0d3eb13046a372114ff88ccf4c3705c1d86a0f99f77e3dd055114c14340c20d3,f77feb347f906cd3908604d0088843380280a05de6ab7603b0600f421a3e6dfb,ed58f609210234f02e1191af4fcecdd1d445c7bf6d129542141e8210c54fc3ef,0.185943548,0.194942144,0000
60,001a,0010,e3b0c44298fc1c149afbf4c8996fb92427ae41e4649b934ca495991b7852b855,e3b0c44298fc1c149afbf4c8996fb92427ae41e4649b934ca495991b7852b855,9832d4519477250aac92b71f568bc7537345fa9a4d18cad85770fa14eadc6e4d,943360a9a5818959e33aa851d0ac4831c347ca8ca4b98b4e7e95a6abb99fcb34,e010ed09d4baf4ac5efe240fbdd22264e7caf3784e7fd56d689fc430610e13cc,0d3eb13046a372114ff88ccf4c3705c1d86a0f99f77e3dd055114c14340c20d3,8805e8b37e08943a605271325c957540c262f7c4dcc70f5cb957e4b0ac2b7ef0,1e6947e265b5704fd12cf79fa6b49a4e1a6a3ddee12cca2b2bea2286c7858ec3,0.183815468,0.195057329,0000
61,001a,0010,e3b0c44298fc1c149afbf4c8996fb92427ae41e4649b934ca495991b7852b855,e3b0c44298fc1c149afbf4c8996fb92427ae41e4649b934ca495991b7852b855,085ca90ca252dd087d0709a41183722191c75013d9ec2d85b5f0f28084d85305,943360a9a5818959e33aa851d0ac4831c347ca8ca4b98b4e7e95a6abb99fcb34,e010ed09d4baf4ac5efe240fbdd22264e7caf3784e7fd56d689fc430610e13cc,0d3eb13046a372114ff88ccf4c3705c1d86a0f99f77e3dd055114c14340c20d3,a687755c17e187e9fc6377eaed1e25362b02fc6c9854153d21c0d4e6adb01505,17a3cf737dc1e76ab882957dc2bca7eb5c5b4a059144644dffc5033180474632,0.184058710,0.196167293,0000
62,001a,0010,e3b0c44298fc1c149afbf4c8996fb92427ae41e4649b934ca495991b7852b855,e3b0c44298fc1c149afbf4c8996fb92427ae41e4649b934ca495991b7852b855,5735921d791d0ad09759547f7a0168db902741b632870c438ab94d2841a84e91,943360a9a5818959e33aa851d0ac4831c347ca8ca4b98b4e7e95a6abb99fcb34,e010ed09d4baf4ac5efe240fbdd22264e7caf3784e7fd56d689fc430610e13cc,0d3eb13046a372114ff88ccf4c3705c1d86a0f99f77e3dd055114c14340c20d3,cffba17b971cda6e2758ca4b62534595b31d4ac3fc8da8ea2609634052bdd797,0f84ffe0692df7b07ee73428fb9081be039a0a93e3c2997e5612457889f0fee8,0.183850522,0.194934028,0000
63,001a,0010,e3b0c44298fc1c149afbf4c8996fb92427ae41e4649b934ca495991b7852b855,e3b0c44298fc1c149afbf4c8996fb92427ae41e4649b934ca495991b7852b855,b324fb0b3b6dfd73761d19ad1962aa164fa86b7776535d04f38c1c3706e374a1,943360a9a5818959e33aa851d0ac4831c347ca8ca4b98b4e7e95a6abb99fcb34,e010ed09d4baf4ac5efe240fbdd22264e7caf3784e7fd56d689fc430610e13cc,0d3eb13046a372114ff88ccf4c3705c1d86a0f99f77e3dd055114c14340c20d3,da085eeafe00d1ce571ee976166e7a3284d1a585d4a775e98c7025b512253032,182b4cc1777d7c374cf64c7319ba27548e85c8ac2656de710c0c397435d8acc6,0.183940762,0.196139903,0000
64,001a,0010,e3b0c44298fc1c149afbf4c8996fb92427ae41e4649b934ca495991b7852b855,e3b0c44298fc1c149afbf4c8996fb92427ae41e4649b934ca495991b7852b855,f516faa257427b86fefa8ff2109febbf50fde475ad168c21513500091bd32c2b,943360a9a5818959e33aa851d0ac4831c347ca8ca4b98b4e7e95a6abb99fcb34,e010ed09d4baf4ac5efe240fbdd22264e7caf3784e7fd56d689fc430610e13cc,0d3eb13046a372114ff88ccf4c3705c1d86a0f99f77e3dd055114c14340c20d3,48246c9e8a1b9843bf0e669a9340d7b0b5c2991ae27794bbf0838601785f8d88,2d8e44bf60204105c8b8bdd5d695efb27f0893e8225f83556f29ca3e9262b377,0.183941727,0.195157933,0000
65,001a,0010,e3b0c44298fc1c149afbf4c8996fb92427ae41e4649b934ca495991b7852b855,e3b0c44298fc1c149afbf4c8996fb92427ae41e4649b934ca495991b7852b855,7a3e9ab6b078b6cdf33155946981893161c8b55f70a0a7b0befd8718b433161e,943360a9a5818959e33aa851d0ac4831c347ca8ca4b98b4e7e95a6abb99fcb34,e010ed09d4baf4ac5efe240fbdd22264e7caf3784e7fd56d689fc430610e13cc,0d3eb13046a372114ff88ccf4c3705c1d86a0f99f77e3dd055114c14340c20d3,9949d2e47b93a0fdfc5a475e81ceb04e02c9207b3c66e34c24389ff29dae6dbc,5e8251a6a9eab9aea544f0e70cd7368cb57fab1bc208171ff0051d997c10c139,0.183951677,0.194947792,0000
66,001a,0010,e3b0c44298fc1c149afbf4c8996fb92427ae41e4649b934ca495991b7852b855,e3b0c44298fc1c149afbf4c8996fb92427ae41e4649b934ca495991b7852b855,911f6483a3eac157e1fadef3aecfef999ede0c908832a75b69e22677ad8feb60,943360a9a5818959e33aa851d0ac4831c347ca8ca4b98b4e7e95a6abb99fcb34,e010ed09d4baf4ac5efe240fbdd22264e7caf3784e7fd56d689fc430610e13cc,0d3eb13046a372114ff88ccf4c3705c1d86a0f99f77e3dd055114c14340c20d3,4cd3e6ec647b33427cdf808eeda0f44802ba407868d887994041902c2d0a65dd,84dbf2e06d4103d5422757595b0b4546128171a471308bb0d525d57e044b3287,0.183914344,0.195070736,0000
67,001a,0010,e3b0c44298fc1c149afbf4c8996fb92427ae41e4649b934ca495991b7852b855,e3b0c44298fc1c149afbf4c8996fb92427ae41e4649b934ca495991b7852b855,ef9c8e69ee7ad091d9bc87d71cef8053fd640d49642b8721e42fc8e33ce2cf22,943360a9a5818959e33aa851d0ac4831c347ca8ca4b98b4e7e95a6abb99fcb34,e010ed09d4baf4ac5efe240fbdd22264e7caf3784e7fd56d689fc430610e13cc,0d3eb13046a372114ff88ccf4c3705c1d86a0f99f77e3dd055114c14340c20d3,eb55b1967a59863541fdb0745b0e57791a3581aad8ce4b1a527a11f57d0a47f1,847e36d2746fca5acffabfc84061d1e2e4a84fbb820c2919dd538feafa3ee3f8,0.184044446,0.195047462,0000
68,001a,0010,e3b0c44298fc1c149afbf4c8996fb92427ae41e4649b934ca495991b7852b855,e3b0c44298fc1c149afbf4c8996fb92427ae41e4649b934ca495991b7852b855,dfb77aa3293bc79de8ec2e380d09b56c1e67b2fb99e3a207f3b9885d88965148,943360a9a5818959e33aa851d0ac4831c347ca8ca4b98b4e7e95a6abb99fcb34,e010ed09d4baf4ac5efe240fbdd22264e7caf3784e7fd56d689fc430610e13cc,0d3eb13046a372114ff88ccf4c3705c1d86a0f99f77e3dd055114c14340c20d3,f58c5670b784cd53e4b120508534a45104a1a2663c7c8afc384d18097cb672b5,18a08d52180898791fc7d8e2b82d30568bb4c4d9aebe3dc2446abef89e94b887,0.183938056,0.195058256,0000
69,001a,0010,e3b0c44298fc1c149afbf4c8996fb92427ae41e4649b934ca495991b7852b855,e3b0c44298fc1c149afbf4c8996fb92427ae41e4649b934ca495991b7852b855,239c42fde776cc25c3de198baba95dab56ff064db0bcda3e3da0d41855028038,943360a9a5818959e33aa851d0ac4831c347ca8ca4b98b4e7e95a6abb99fcb34,e010ed09d4baf4ac5efe240fbdd22264e7caf3784e7fd56d689fc430610e13cc,0d3eb13046a372114ff88ccf4c3705c1d86a0f99f77e3dd055114c14340c20d3,aad628881b69d17a4f3867c8bcf456ddb2c25d4ca69e4ab98b464d28db2737d2,0131c58a664d9f04e131cbb443be5e08a86ff39f7bf93daa36c38098ecd25c20,0.186814157,0.195075853,0000
70,001a,0010,e3b0c44298fc1c149afbf4c8996fb92427ae41e4649b934ca495991b7852b855,e3b0c44298fc1c149afbf4c8996fb92427ae41e4649b934ca495991b7852b855,46480530ab2adc0b84961250eb6b4b55b7f5c528ccb2183a26337c9727dff24a,943360a9a5818959e33aa851d0ac4831c347ca8ca4b98b4e7e95a6abb99fcb34,e010ed09d4baf4ac5efe240fbdd22264e7caf3784e7fd56d689fc430610e13cc,0d3eb13046a372114ff88ccf4c3705c1d86a0f99f77e3dd055114c14340c20d3,0a7cf51bcb886126fe8be628fa3a4a756a882791ee7a0bd6443ff73e7d92a23a,bb4908402182a4c55d313cc04782f30063f5b9972dd6426e1dabc26863484fd9,0.184049007,0.196046323,0000
71,001a,0010,e3b0c44298fc1c149afbf4c8996fb92427ae41e4649b934ca495991b7852b855,e3b0c44298fc1c149afbf4c8996fb92427ae41e4649b934ca495991b7852b855,35f3ba842c121798f8f6321d4c07a1eb306afbe8a15ade9f9aba3b4da0aa2325,943360a9a5818959e33aa851d0ac4831c347ca8ca4b98b4e7e95a6abb99fcb34,e010ed09d4baf4ac5efe240fbdd22264e7caf3784e7fd56d689fc430610e13cc,0d3eb13046a372114ff88ccf4c3705c1d86a0f99f77e3dd055114c14340c20d3,3e76d5335ae8dacd111ff4918e525d25342088a8fda03c0d241f7116ac406601,6f35357a0cd836aae7903358f8f151e42be8e465e268083e751cc631ac459cd7,0.183946821,0.194048719,0000
72,001a,0010,e3b0c44298fc1c149afbf4c8996fb92427ae41e4649b934ca495991b7852b855,e3b0c44298fc1c149afbf4c8996fb92427ae41e4649b934ca495991b7852b855,de2ba628279e09fa129023aa99fd62e90606699426425fb1e99deafcd440e6d7,943360a9a5818959e33aa851d0ac4831c347ca8ca4b98b4e7e95a6abb99fcb34,e010ed09d4baf4ac5efe240fbdd22264e7caf3784e7fd56d689fc430610e13cc,0d3eb13046a372114ff88ccf4c3705c1d86a0f99f77e3dd055114c14340c20d3,4b2b93efcbcba8e081357255b0005a8ab282d1cc923971ca1caacbead2b0be81,eda8ec1796fdb1bc1780733285284c690d178ed82a570999770c610fe3e6751e,0.182943986,0.194821231,0000
73,001a,0010,e3b0c44298fc1c149afbf4c8996fb92427ae41e4649b934ca495991b7852b855,e3b0c44298fc1c149afbf4c8996fb92427ae41e4649b934ca495991b7852b855,356a8d668e4318bb9349c061bbc65e876ba5d9dd57082bc4f2aa0a4c1c39ea5a,943360a9a5818959e33aa851d0ac4831c347ca8ca4b98b4e7e95a6abb99fcb34,e010ed09d4baf4ac5efe240fbdd22264e7caf3784e7fd56d689fc430610e13cc,0d3eb13046a372114ff88ccf4c3705c1d86a0f99f77e3dd055114c14340c20d3,869ef0be7eeac20fb94a7bf21cbebd103a4b1f68efc5b2a12e06c71b85279dab,be3217a9aa57b4da65d101e930a94eb3152c100579ae0a93519ca0aa0f1d51a8,0.183723798,0.196267242,0000
74,001a,0010,e3b0c44298fc1c149afbf4c8996fb92427ae41e4649b934ca495991b7852b855,e3b0c44298fc1c149afbf4c8996fb92427ae41e4649b934ca495991b7852b855,1f3a628220eae441d7d3d5de1aea0358d46ee954e9bfa4e8bee3f94d71ddb70f,943360a9a5818959e33aa851d0ac4831c347ca8ca4b98b4e7e95a6abb99fcb34,e010ed09d4baf4ac5efe240fbdd22264e7caf3784e7fd56d689fc430610e13cc,0d3eb13046a372114ff88ccf4c3705c1d86a0f99f77e3dd055114c14340c20d3,267e577ab6790a23cf343a1fae8392ac7650558e1181626e2687d634da5e104c,f27af0b0314c83c0cd9209f5c82b589d8e50807372ca25cadc4bc9eec3ba3da3,0.183981368,0.196273588,0000
75,001a,0010,e3b0c44298fc1c149afbf4c8996fb92427ae41e4649b934ca495991b7852b855,e3b0c44298fc1c149afbf4c8996fb92427ae41e4649b934ca495991b7852b855,2a0e2e437947bdef1499f47226317918b0ac86cf5a59d3a9154051d1335567a6,943360a9a5818959e33aa851d0ac4831c347ca8ca4b98b4e7e95a6abb99fcb34,e010ed09d4baf4ac5efe240fbdd22264e7caf3784e7fd56d689fc430610e13cc,0d3eb13046a372114ff88ccf4c3705c1d86a0f99f77e3dd055114c14340c20d3,ccf6427220dba188a32d3bd1cc7773a0308e572599f4864f6fd38bef3b010d8d,9a3e8472b03b441958722e55bf005f3aa9f286bb8cdf46df9b27595979a39117,0.183916152,0.193934279,0000
76,001a,0010,e3b0c44298fc1c149afbf4c8996fb92427ae41e4649b934ca495991b7852b855,e3b0c44298fc1c149afbf4c8996fb92427ae41e4649b934ca495991b7852b855,8c2ae136b870e84bdefadf612bac94bdaf0b0a0975c172f62d1c47019e490fef,943360a9a5818959e33aa851d0ac4831c347ca8ca4b98b4e7e95a6abb99fcb34,e010ed09d4baf4ac5efe240fbdd22264e7caf3784e7fd56d689fc430610e13cc,0d3eb13046a372114ff88ccf4c3705c1d86a0f99f77e3dd055114c14340c20d3,afcedfcff87c3b67c026890368ad2715dcfadc4aa2cdad141c8af67123c0fc1b,af5ca63eaf81b31f420aa4366a17f8eda5644b74f5c66c635358a8befad1307d,0.183939528,0.194148765,0000
77,001a,0010,e3b0c44298fc1c149afbf4c8996fb92427ae41e4649b934ca495991b7852b855,e3b0c44298fc1c149afbf4c8996fb92427ae41e4649b934ca495991b7852b855,d3db5a0e37d2480dd739f6eb019e63a7da412e5467c2fb79520f8e30e372b965,943360a9a5818959e33aa851d0ac4831c347ca8ca4b98b4e7e95a6abb99fcb34,e010ed09d4baf4ac5efe240fbdd22264e7caf3784e7fd56d689fc430610e13cc,0d3eb13046a372114ff88ccf4c3705c1d86a0f99f77e3dd055114c14340c20d3,c594245f7b9c9295017a546c9ca2865219777f10b3fa37c5a127c612449dc515,295ff5cfbd2746bedf7f6cdd9333302bdbd20d9b11b6a4be1e671d32b29be5b9,0.185822052,0.194947549,0000
78,001a,0010,e3b0c44298fc1c149afbf4c8996fb92427ae41e4649b934ca495991b7852b855,e3b0c44298fc1c149afbf4c8996fb92427ae41e4649b934ca495991b7852b855,9d4d89a459854c2f8082e9405e01a4356762e79dff55529f002e53563333b95f,943360a9a5818959e33aa851d0ac4831c347ca8ca4b98b4e7e95a6abb99fcb34,e010ed09d4baf4ac5efe240fbdd22264e7caf3784e7fd56d689fc430610e13cc,0d3eb13046a372114ff88ccf4c3705c1d86a0f99f77e3dd055114c14340c20d3,82346bf93f1a260c2ae7d8fa92ce041b80fc547d39abff6633054f5094eeaa38,926e07fd8001d69ef00dd921939ab123f2ccad0d0362df1aa1afbf485a54d2d9,0.183760593,0.194232838,0000
79,001a,0010,e3b0c44298fc1c149afbf4c8996fb92427ae41e4649b934ca495991b7852b855,e3b0c44298fc1c149afbf4c8996fb92427ae41e4649b934ca495991b7852b855,bacd9d8f719513de0ee2a727630e263e81ab17f9892a1c191d9eb8660f463ffe,943360a9a5818959e33aa851d0ac4831c347ca8ca4b98b4e7e95a6abb99fcb34,e010ed09d4baf4ac5efe240fbdd22264e7caf3784e7fd56d689fc430610e13cc,0d3eb13046a372114ff88ccf4c3705c1d86a0f99f77e3dd055114c14340c20d3,07ec6b312f603fef2a11bd3459433023f736a9fa2b3421a0bc7ce416ff57f484,5531b24a3d04468ee812d2aa325c7839957539124fed0da9fef87f93db65a509,0.184006059,0.196270290,0000
80,001a,0010,e3b0c44298fc1c149afbf4c8996fb92427ae41e4649b934ca495991b7852b855,e3b0c44298fc1c149afbf4c8996fb92427ae41e4649b934ca495991b7852b855,7497247772249fedb1dd71cf5a5b522a93535d428e794ef084c14d719698b260,943360a9a5818959e33aa851d0ac4831c347ca8ca4b98b4e7e95a6abb99fcb34,e010ed09d4baf4ac5efe240fbdd22264e7caf3784e7fd56d689fc430610e13cc,0d3eb13046a372114ff88ccf4c3705c1d86a0f99f77e3dd055114c14340c20d3,b1f90157dddaf35f20a7f5ce68b2979aee58c21f2b28454beff343a71c45ba31,bb1b8146c5c2ae18a704898337518e3e232b03aca466e5e9dea210ea02dcc868,0.183825650,0.194883318,0000
81,001a,0010,e3b0c44298fc1c149afbf4c8996fb92427ae41e4649b934ca495991b7852b855,e3b0c44298fc1c149afbf4c8996fb92427ae41e4649b934ca495991b7852b855,e8594a689e62ff2501c3682c73838c841d85a17b7012fc05e8b7bddaf75135f0,943360a9a5818959e33aa851d0ac4831c347ca8ca4b98b4e7e95a6abb99fcb34,e010ed09d4baf4ac5efe240fbdd22264e7caf3784e7fd56d689fc430610e13cc,0d3eb13046a372114ff88ccf4c3705c1d86a0f99f77e3dd055114c14340c20d3,586b42f08ba7b1f6c5669735294b9f8fba12a3e5dafe3e3eb00c414fe0ec163c,3147517ae3b40fec1224a8e40efb4bb13771dcb1ce13f9856d2fc075d2d4ecae,0.183842794,0.194271823,0000
82,001a,0010,e3b0c44298fc1c149afbf4c8996fb92427ae41e4649b934ca495991b7852b855,e3b0c44298fc1c149afbf4c8996fb92427ae41e4649b934ca495991b7852b855,ae38100628331e7af468538cac0825ab60dee6580e7c2f658bdaed469338bc15,943360a9a5818959e33aa851d0ac4831c347ca8ca4b98b4e7e95a6abb99fcb34,e010ed09d4baf4ac5efe240fbdd22264e7caf3784e7fd56d689fc430610e13cc,0d3eb13046a372114ff88ccf4c3705c1d86a0f99f77e3dd055114c14340c20d3,06f6feeedf5ce2ee1f9704542d2de8bc6f1885b0e6552b1baf9d4012e236d970,411ed79f5efd639230a78bdf773bdf871646fc97df3842f97391af6ba42dba17,0.183947539,0.195146192,0000
83,001a,0010,e3b0c44298fc1c149afbf4c8996fb92427ae41e4649b934ca495991b7852b855,e3b0c44298fc1c149afbf4c8996fb92427ae41e4649b934ca495991b7852b855,f23b0181e7ade0be40c1b9b83c0bdc519f3e4f6b2601dc333fcce2dccddbe6c8,943360a9a5818959e33aa851d0ac4831c347ca8ca4b98b4e7e95a6abb99fcb34,e010ed09d4baf4ac5efe240fbdd22264e7caf3784e7fd56d689fc430610e13cc,0d3eb13046a372114ff88ccf4c3705c1d86a0f99f77e3dd055114c14340c20d3,c7e5fbacf4820d5256706dfb7f8c92498dfc34ee8862a186ede8095f869f4ed9,da5b27c2d8f7408d5b5eb33e409737f5bdad7d7826a27e8f9253cc3cff707b2a,0.183845584,0.195046413,0000
84,001a,0010,e3b0c44298fc1c149afbf4c8996fb92427ae41e4649b934ca495991b7852b855,e3b0c44298fc1c149afbf4c8996fb92427ae41e4649b934ca495991b7852b855,a3d7d8440956f80df63062fa7c313f1b851a1fc4299bb8366c284636802ba6e6,943360a9a5818959e33aa851d0ac4831c347ca8ca4b98b4e7e95a6abb99fcb34,e010ed09d4baf4ac5efe240fbdd22264e7caf3784e7fd56d689fc430610e13cc,0d3eb13046a372114ff88ccf4c3705c1d86a0f99f77e3dd055114c14340c20d3,88c71d619937981e97cb3994365c4bbead685908e34474cf6c0aeab8d26c8c57,7264f069de1000140c491a0992a7a7a94ac3811a4459a06ccb328b38a9eb3cf7,0.183843377,0.196145590,0000
85,001a,0010,e3b0c44298fc1c149afbf4c8996fb92427ae41e4649b934ca495991b7852b855,e3b0c44298fc1c149afbf4c8996fb92427ae41e4649b934ca495991b7852b855,69e81c474293bdd21550be08da8d2b65776b27135687a9b5aa9a1440b85d9395,943360a9a5818959e33aa851d0ac4831c347ca8ca4b98b4e7e95a6abb99fcb34,e010ed09d4baf4ac5efe240fbdd22264e7caf3784e7fd56d689fc430610e13cc,0d3eb13046a372114ff88ccf4c3705c1d86a0f99f77e3dd055114c14340c20d3,5b79f5ca15cbf94b9d6b00317416c4f091350844285181f8473910b1e531cc11,71f80d5a95d495065c649b7a37368276b72850a4d530c56e91d9b5f01e3f0f5c,0.183866847,0.195149481,0000
86,001a,0010,e3b0c44298fc1c149afbf4c8996fb92427ae41e4649b934ca495991b7852b855,e3b0c44298fc1c149afbf4c8996fb92427ae41e4649b934ca495991b7852b855,1eed5adc21591ffea5793df850aefa6807a895e7b119f8f0a6e71831994e5a61,943360a9a5818959e33aa851d0ac4831c347ca8ca4b98b4e7e95a6abb99fcb34,e010ed09d4baf4ac5efe240fbdd22264e7caf3784e7fd56d689fc430610e13cc,0d3eb13046a372114ff88ccf4c3705c1d86a0f99f77e3dd055114c14340c20d3,067322922b0869f5e2c44daf79f84eee0961254d8e0eb15cbdc4a8eae5da2863,fda4f0454177426d3bb9ac76c570388d7dd5f64576348f46ec167bbd3442ac6c,0.183825527,0.195024935,0000
87,001a,0010,e3b0c44298fc1c149afbf4c8996fb92427ae41e4649b934ca495991b7852b855,e3b0c44298fc1c149afbf4c8996fb92427ae41e4649b934ca495991b7852b855,1a81cbf0bfe0d232d713152b155a3ea37eedcb79b9b66a1e8ba70011a9687c41,943360a9a5818959e33aa851d0ac4831c347ca8ca4b98b4e7e95a6abb99fcb34,e010ed09d4baf4ac5efe240fbdd22264e7caf3784e7fd56d689fc430610e13cc,0d3eb13046a372114ff88ccf4c3705c1d86a0f99f77e3dd055114c14340c20d3,406198df191f32a27be04a414434f40e07eb19d8c34957c3204e1c9425951b17,194a35089eef1e39fed66bf211e6ed1fb2cc02f8f9ed78c572fd4df71e1c8f3f,0.183738897,0.196269563,0000
88,001a,0010,e3b0c44298fc1c149afbf4c8996fb92427ae41e4649b934ca495991b7852b855,e3b0c44298fc1c149afbf4c8996fb92427ae41e4649b934ca495991b7852b855,3cc48fe0c20475c1e4b9e43fa478454f9192e7fe1311f1b9495d1b1d5c8aff52,943360a9a5818959e33aa851d0ac4831c347ca8ca4b98b4e7e95a6abb99fcb34,e010ed09d4baf4ac5efe240fbdd22264e7caf3784e7fd56d689fc430610e13cc,0d3eb13046a372114ff88ccf4c3705c1d86a0f99f77e3dd055114c14340c20d3,2ae016b0b2896a3004cdf11eba13bcd7cc84d936fbd36db435a0e6338e3d4564,78a6832a37e075ac33cd8269033044b8785f77046db481ea784af30adf4d840c,0.184047836,0.196150126,0000
89,001a,0010,e3b0c44298fc1c149afbf4c8996fb92427ae41e4649b934ca495991b7852b855,e3b0c44298fc1c149afbf4c8996fb92427ae41e4649b934ca495991b7852b855,480a697a88145d0185a79257256ec55966b84c357109a54f25a3bb1e4390ba51,943360a9a5818959e33aa851d0ac4831c347ca8ca4b98b4e7e95a6abb99fcb34,e010ed09d4baf4ac5efe240fbdd22264e7caf3784e7fd56d689fc430610e13cc,0d3eb13046a372114ff88ccf4c3705c1d86a0f99f77e3dd055114c14340c20d3,957c33398022e5ac104c537973cd50dc4a4ad613ca3236cd0bd188fb19d023b8,c108aacaf7997bbab0e91e917bb5433f342c3bf3a4ed3169f5d191f733da18bc,0.183866062,0.195043926,0000
90,001a,0010,e3b0c44298fc1c149afbf4c8996fb92427ae41e4649b934ca495991b7852b855,e3b0c44298fc1c149afbf4c8996fb92427ae41e4649b934ca495991b7852b855,7e5f42acad07f23e6dbf69f826b198a556137b349b11690df2854b50993c4f5a,943360a9a5818959e33aa851d0ac4831c347ca8ca4b98b4e7e95a6abb99fcb34,e010ed09d4baf4ac5efe240fbdd22264e7caf3784e7fd56d689fc430610e13cc,0d3eb13046a372114ff88ccf4c3705c1d86a0f99f77e3dd055114c14340c20d3,480539fcc74ab9c14adf24bacf260e4c3d809b596c4359a3a63216cc054d8dcc,8432f566e7871f64b6566770ae6daea0c951578e5f5dfca8e12701ea162cf5b2,0.184044939,0.196027639,0000
91,001a,0010,e3b0c44298fc1c149afbf4c8996fb92427ae41e4649b934ca495991b7852b855,e3b0c44298fc1c149afbf4c8996fb92427ae41e4649b934ca495991b7852b855,fd9aeee8ab1111027d40445a36bd91ee6cb72d4e5797fc269fec36c9bfb64726,943360a9a5818959e33aa851d0ac4831c347ca8ca4b98b4e7e95a6abb99fcb34,e010ed09d4baf4ac5efe240fbdd22264e7caf3784e7fd56d689fc430610e13cc,0d3eb13046a372114ff88ccf4c3705c1d86a0f99f77e3dd055114c14340c20d3,e46be7191399504ff53f647bcb9ed00f7c4119b98868f6d370989ceec141e42d,4000defedf6bb4da993fdedd7d2fd518a27fc25ccac329af0507bc9562e593ca,0.183950873,0.195047779,0000
92,001a,0010,e3b0c44298fc1c149afbf4c8996fb92427ae41e4649b934ca495991b7852b855,e3b0c44298fc1c149afbf4c8996fb92427ae41e4649b934ca495991b7852b855,ec72762bb9a6fb9bff260a1bade87817ca65de5bcce309c9c442f6c760abf23d,943360a9a5818959e33aa851d0ac4831c347ca8ca4b98b4e7e95a6abb99fcb34,e010ed09d4baf4ac5efe240fbdd22264e7caf3784e7fd56d689fc430610e13cc,0d3eb13046a372114ff88ccf4c3705c1d86a0f99f77e3dd055114c14340c20d3,63d5ed6e3ecdd076f5f3c9f82f849af2d9a2afcd0b2d5755a52c37b64614cf7c,0b2b9b859c054773b4559933f1382ef7c439d99fbdcce87778106604a302278f,0.186053776,0.194935954,0000
93,001a,0010,e3b0c44298fc1c149afbf4c8996fb92427ae41e4649b934ca495991b7852b855,e3b0c44298fc1c149afbf4c8996fb92427ae41e4649b934ca495991b7852b855,60b4ecdfd61691c3bd7b57d705cb7a5051e092308b8a73d67561c6812032d11a,943360a9a5818959e33aa851d0ac4831c347ca8ca4b98b4e7e95a6abb99fcb34,e010ed09d4baf4ac5efe240fbdd22264e7caf3784e7fd56d689fc430610e13cc,0d3eb13046a372114ff88ccf4c3705c1d86a0f99f77e3dd055114c14340c20d3,6e67be43887462740c18d0f598af41ff9cea0ce541fd06f0e27b202778fa8814,695474ae1d2149d4b777132bfcefbee159df107f23af8c9959c500e22f77f47d,0.183943921,0.194941331,0000
94,001a,0010,e3b0c44298fc1c149afbf4c8996fb92427ae41e4649b934ca495991b7852b855,e3b0c44298fc1c149afbf4c8996fb92427ae41e4649b934ca495991b7852b855,e213aa4aa782788145a72d8b07a16ab75a6a0bfa075ab034bd9538a2be9ac5d6,943360a9a5818959e33aa851d0ac4831c347ca8ca4b98b4e7e95a6abb99fcb34,e010ed09d4baf4ac5efe240fbdd22264e7caf3784e7fd56d689fc430610e13cc,0d3eb13046a372114ff88ccf4c3705c1d86a0f99f77e3dd055114c14340c20d3,ceaae8ff1616768e0f88244d6fbb336e7147f4c561ed652f69d717bf3df92853,d41a193a1f995a316e298308957c80019bb70be728c153104ceb17eea51ba556,0.184047746,0.194045930,0000
95,001a,0010,e3b0c44298fc1c149afbf4c8996fb92427ae41e4649b934ca495991b7852b855,e3b0c44298fc1c149afbf4c8996fb92427ae41e4649b934ca495991b7852b855,7f7ea110af50112967cbd0cb70b9149998d9ee1513cd7fce5db084362b2904f0,943360a9a5818959e33aa851d0ac4831c347ca8ca4b98b4e7e95a6abb99fcb34,e010ed09d4baf4ac5efe240fbdd22264e7caf3784e7fd56d689fc430610e13cc,0d3eb13046a372114ff88ccf4c3705c1d86a0f99f77e3dd055114c14340c20d3,d5e994fea69b157e2a78f71a88fbb869866e6082e1f95d882eb8b9079f6f548c,d96b4596fc397be48d223e50c0dce72fb531b1ed0db2b336e793aad9c221293e,0.183784210,0.195052547,0000
96,001a,0010,e3b0c44298fc1c149afbf4c8996fb92427ae41e4649b934ca495991b7852b855,e3b0c44298fc1c149afbf4c8996fb92427ae41e4649b934ca495991b7852b855,2381315a0936117ef8aa82f51c292d344e7cd50db23dbf5d73e5b26492cb7f69,943360a9a5818959e33aa851d0ac4831c347ca8ca4b98b4e7e95a6abb99fcb34,e010ed09d4baf4ac5efe240fbdd22264e7caf3784e7fd56d689fc430610e13cc,0d3eb13046a372114ff88ccf4c3705c1d86a0f99f77e3dd055114c14340c20d3,fe178f45d496b2bfb2d0d7bcafca580556c4034e15b7809613ead68271048bc9,9c80314742eb7bbe51f2be8a1d719d0b6e338b57431602728ecdc1f93bc49ed6,0.183948699,0.196204465,0000
97,001a,0010,e3b0c44298fc1c149afbf4c8996fb92427ae41e4649b934ca495991b7852b855,e3b0c44298fc1c149afbf4c8996fb92427ae41e4649b934ca495991b7852b855,bb5331d9b085f4aa898d51c48f2df316bf91526add451ad9a8ed00002eca6138,943360a9a5818959e33aa851d0ac4831c347ca8ca4b98b4e7e95a6abb99fcb34,e010ed09d4baf4ac5efe240fbdd22264e7caf3784e7fd56d689fc430610e13cc,0d3eb13046a372114ff88ccf4c3705c1d86a0f99f77e3dd055114c14340c20d3,683ab22336b846b96ff3a90ff4e428668c8529c8fbb384064a97cdf291c0631d,b042161f3e94eea53fbdc5c4774dfe09cbbac7c34e5b516403b7c7526f1a1077,0.183843885,0.195042777,0000
98,001a,0010,e3b0c44298fc1c149afbf4c8996fb92427ae41e4649b934ca495991b7852b855,e3b0c44298fc1c149afbf4c8996fb92427ae41e4649b934ca495991b7852b855,a4cdb80958630152a4583476e5dbba8ab6f0f26fa29d5e42e77b590f3c0a442e,943360a9a5818959e33aa851d0ac4831c347ca8ca4b98b4e7e95a6abb99fcb34,e010ed09d4baf4ac5efe240fbdd22264e7caf3784e7fd56d689fc430610e13cc,0d3eb13046a372114ff88ccf4c3705c1d86a0f99f77e3dd055114c14340c20d3,17593867bfffc820e7eae0dc6c8f12c8f47cdac45d12402e734db292ea830f61,59b996f99d42c3aaba25a94f00d3110e7988867f90162b7127011bf44d582a83,0.183938812,0.196157247,0000
99,001a,0010,e3b0c44298fc1c149afbf4c8996fb92427ae41e4649b934ca495991b7852b855,e3b0c44298fc1c149afbf4c8996fb92427ae41e4649b934ca495991b7852b855,74738ddea2b85f01cafc3b261dc8242a0bf8a522b11673e2792dc6690b602ecf,943360a9a5818959e33aa851d0ac4831c347ca8ca4b98b4e7e95a6abb99fcb34,e010ed09d4baf4ac5efe240fbdd22264e7caf3784e7fd56d689fc430610e13cc,0d3eb13046a372114ff88ccf4c3705c1d86a0f99f77e3dd055114c14340c20d3,bbb50c38b0efe88436522d38c6b7e16ae60137f1ebb58f5ffe4214ce45c26dfb,95f550cbe9a33641ba83f995209cc8564c2ffc94329dd79120e6e5208dd146d8,0.183838624,0.194046569,0000
100,001a,0010,e3b0c44298fc1c149afbf4c8996fb92427ae41e4649b934ca495991b7852b855,e3b0c44298fc1c149afbf4c8996fb92427ae41e4649b934ca495991b7852b855,fb3abc28de32d0b48aaa4003a178594c7cbd91b554de49f22e30afe90edaccac,943360a9a5818959e33aa851d0ac4831c347ca8ca4b98b4e7e95a6abb99fcb34,e010ed09d4baf4ac5efe240fbdd22264e7caf3784e7fd56d689fc430610e13cc,0d3eb13046a372114ff88ccf4c3705c1d86a0f99f77e3dd055114c14340c20d3,edd73ab74a1e01c6930d064d731ee6bd91cddc0327c7a2c46e40867a31760ab3,c585925ad86cd518b8b279d374c6cbe1faad609b2f766dc7be66eaceb60f0681,0.183673991,0.196325114,0000
101,001a,0010,e3b0c44298fc1c149afbf4c8996fb92427ae41e4649b934ca495991b7852b855,e3b0c44298fc1c149afbf4c8996fb92427ae41e4649b934ca495991b7852b855,5000b922ff70182e6d513d32873b792b3face9227bcd99a7806c67321a381a1f,943360a9a5818959e33aa851d0ac4831c347ca8ca4b98b4e7e95a6abb99fcb34,e010ed09d4baf4ac5efe240fbdd22264e7caf3784e7fd56d689fc430610e13cc,0d3eb13046a372114ff88ccf4c3705c1d86a0f99f77e3dd055114c14340c20d3,5cb2e6c9ad35d64edbb63ae388dd6ee487b8ec279cee75bff6a7856b1562850b,5d9547c79311b86c642198001593a3dc836595568509f2b7087ba96b2d7f96ee,0.183946430,0.196040954,0000
102,001a,0010,e3b0c44298fc1c149afbf4c8996fb92427ae41e4649b934ca495991b7852b855,e3b0c44298fc1c149afbf4c8996fb92427ae41e4649b934ca495991b7852b855,5ababcfa501a4016c827af1d20f23ec3292d084042fea3740d8bba02a2f91c78,943360a9a5818959e33aa851d0ac4831c347ca8ca4b98b4e7e95a6abb99fcb34,e010ed09d4baf4ac5efe240fbdd22264e7caf3784e7fd56d689fc430610e13cc,0d3eb13046a372114ff88ccf4c3705c1d86a0f99f77e3dd055114c14340c20d3,38e634ebe6ac41bde0d1c7498eb3b8f9ffbe8eb5ac915d008b7e90b5b5e61979,61ea8b151596e424e4a61a93014b5cbb80cc1354485cd8475337c2f5f1803067,0.183944843,0.195152150,0000
103,001a,0010,e3b0c44298fc1c149afbf4c8996fb92427ae41e4649b934ca495991b7852b855,e3b0c44298fc1c149afbf4c8996fb92427ae41e4649b934ca495991b7852b855,951580b3eb194797db2fd5dd46ac49af6e324b153c59d23a23ca441a7c3e4b5b,943360a9a5818959e33aa851d0ac4831c347ca8ca4b98b4e7e95a6abb99fcb34,e010ed09d4baf4ac5efe240fbdd22264e7caf3784e7fd56d689fc430610e13cc,0d3eb13046a372114ff88ccf4c3705c1d86a0f99f77e3dd055114c14340c20d3,ada49d618c15e397e78bed8d03e77a928b16da21042388f4c8370351b0ed51aa,106cc26ad6c59b160cf49cd82cadd51c85e871d2fb5328a0eb71749d301c5345,0.185979089,0.194941191,0000
104,001a,0010,e3b0c44298fc1c149afbf4c8996fb92427ae41e4649b934ca495991b7852b855,e3b0c44298fc1c149afbf4c8996fb92427ae41e4649b934ca495991b7852b855,24f9c605e9596936d7c49caecb47fdeac53c17b9fc322d310f6b8154284e5470,943360a9a5818959e33aa851d0ac4831c347ca8ca4b98b4e7e95a6abb99fcb34,e010ed09d4baf4ac5efe240fbdd22264e7caf3784e7fd56d689fc430610e13cc,0d3eb13046a372114ff88ccf4c3705c1d86a0f99f77e3dd055114c14340c20d3,361087fb9b0b34d8bf27e34b86a97fe5dc2da940f98575b171939a36f8d78428,d051128f99c3e5627e5a9e339b43f1c88a0134f599f828905035073e000ac4db,0.185942016,0.194014620,0000
105,001a,0010,e3b0c44298fc1c149afbf4c8996fb92427ae41e4649b934ca495991b7852b855,e3b0c44298fc1c149afbf4c8996fb92427ae41e4649b934ca495991b7852b855,6a8a29c31919058a2435ca144a4da101a5ad1ceb7f5242355039f5c54d7ea32d,943360a9a5818959e33aa851d0ac4831c347ca8ca4b98b4e7e95a6abb99fcb34,e010ed09d4baf4ac5efe240fbdd22264e7caf3784e7fd56d689fc430610e13cc,0d3eb13046a372114ff88ccf4c3705c1d86a0f99f77e3dd055114c14340c20d3,ea33e926bb4409e793b6d1aa9987453b6e3ff33e808f1a561b9d7c5a33f5b579,518688203a6dcf54c5b72e09c11b3fe5c043fc8a38ceecb8c4602f9ff1a6ec79,0.184026507,0.194075129,0000
106,001a,0010,e3b0c44298fc1c149afbf4c8996fb92427ae41e4649b934ca495991b7852b855,e3b0c44298fc1c149afbf4c8996fb92427ae41e4649b934ca495991b7852b855,2c41b2cc137ac87e7c98bdb2cb90bf752163ce925725bbe9018d4059b1edf8b1,943360a9a5818959e33aa851d0ac4831c347ca8ca4b98b4e7e95a6abb99fcb34,e010ed09d4baf4ac5efe240fbdd22264e7caf3784e7fd56d689fc430610e13cc,0d3eb13046a372114ff88ccf4c3705c1d86a0f99f77e3dd055114c14340c20d3,b00174dedf8659c32da583977b1047c0c089ee4b45898b15b0ff4080cccf1ff7,34a2d39ec49e3bf8ca7987375719031a0c3b45cc557f8da61055ff555176f5a8,0.186035760,0.193953491,0000
107,001a,0010,e3b0c44298fc1c149afbf4c8996fb92427ae41e4649b934ca495991b7852b855,e3b0c44298fc1c149afbf4c8996fb92427ae41e4649b934ca495991b7852b855,c9c4824c31f1830241b830f2952eafc401a3adfb5bd48e871e07fbf2447c52d0,943360a9a5818959e33aa851d0ac4831c347ca8ca4b98b4e7e95a6abb99fcb34,e010ed09d4baf4ac5efe240fbdd22264e7caf3784e7fd56d689fc430610e13cc,0d3eb13046a372114ff88ccf4c3705c1d86a0f99f77e3dd055114c14340c20d3,881fb2b1553e14fbe9946103510c5dee3902421073ea17c4e74ef96fa04cceab,9540ddd1f277d82c6979226dd7236cc2e34670145747967a74dc2a9bb8311c1b,0.183948097,0.195051765,0000
108,001a,0010,e3b0c44298fc1c149afbf4c8996fb92427ae41e4649b934ca495991b7852b855,e3b0c44298fc1c149afbf4c8996fb92427ae41e4649b934ca495991b7852b855,ade942837181199ae95bafc518ed9544f7ecc18f4a24e1e4edceee2ea3ecaa09,943360a9a5818959e33aa851d0ac4831c347ca8ca4b98b4e7e95a6abb99fcb34,e010ed09d4baf4ac5efe240fbdd22264e7caf3784e7fd56d689fc430610e13cc,0d3eb13046a372114ff88ccf4c3705c1d86a0f99f77e3dd055114c14340c20d3,9a5a605607958726b8c7607a69b4bc0133212ff74f66d1eb710cf53c3c634943,15c569bfead6060fd1085d9cb99506848a5d7d468f1f460e0269975861971021,0.183943898,0.195041492,0000
109,001a,0010,e3b0c44298fc1c149afbf4c8996fb92427ae41e4649b934ca495991b7852b855,e3b0c44298fc1c149afbf4c8996fb92427ae41e4649b934ca495991b7852b855,8ee9c3b00ce789be5fcf77bd422ff18ea8ce21f9bf4f4e6b0b2a700738458282,943360a9a5818959e33aa851d0ac4831c347ca8ca4b98b4e7e95a6abb99fcb34,e010ed09d4baf4ac5efe240fbdd22264e7caf3784e7fd56d689fc430610e13cc,0d3eb13046a372114ff88ccf4c3705c1d86a0f99f77e3dd055114c14340c20d3,7cc90ae1f2db36c1e7eab46a9913b1919e08f5eed3ad8be98deec44451683722,e2cf7232a7517aea91b30d8ac3aac52a574c2ed976d092dbe90316a8b5c2bd81,0.183943245,0.194049162,0000
110,001a,0010,e3b0c44298fc1c149afbf4c8996fb92427ae41e4649b934ca495991b7852b855,e3b0c44298fc1c149afbf4c8996fb92427ae41e4649b934ca495991b7852b855,9033a990059257aa42fef3229d3dc78c9093e4cd0b6ea5290ecee2cefbaf3778,943360a9a5818959e33aa851d0ac4831c347ca8ca4b98b4e7e95a6abb99fcb34,e010ed09d4baf4ac5efe240fbdd22264e7caf3784e7fd56d689fc430610e13cc,0d3eb13046a372114ff88ccf4c3705c1d86a0f99f77e3dd055114c14340c20d3,201f8fdb50800039eb45bad39d09d8c85bec79672d4340e074df4e5f576ab153,73dd1305700d8f37b34975510bd9328adaca4b867887c7682e9dee5fdeafe057,0.185947799,0.194947432,0000
111,001a,0010,e3b0c44298fc1c149afbf4c8996fb92427ae41e4649b934ca495991b7852b855,e3b0c44298fc1c149afbf4c8996fb92427ae41e4649b934ca495991b7852b855,2566d7566a4573c1548220d0175f09a3e40fc1a9bb9808b934ee88440ccff9b0,943360a9a5818959e33aa851d0ac4831c347ca8ca4b98b4e7e95a6abb99fcb34,e010ed09d4baf4ac5efe240fbdd22264e7caf3784e7fd56d689fc430610e13cc,0d3eb13046a372114ff88ccf4c3705c1d86a0f99f77e3dd055114c14340c20d3,37fb982270565abd8a4ea161cc78dceebb032b425de4f5572e30b14918e8591a,c1d4bfee8baea9411f6663fdee31d738eb4fcf9b14a3485efab2f34d5e334526,0.184052222,0.195033892,0000
112,001a,0010,e3b0c44298fc1c149afbf4c8996fb92427ae41e4649b934ca495991b7852b855,e3b0c44298fc1c149afbf4c8996fb92427ae41e4649b934ca495991b7852b855,16cf8318baa4ed2b18fc5ae7a2a42f115c5f1b176488f361de36f01b8abf3c59,943360a9a5818959e33aa851d0ac4831c347ca8ca4b98b4e7e95a6abb99fcb34,e010ed09d4baf4ac5efe240fbdd22264e7caf3784e7fd56d689fc430610e13cc,0d3eb13046a372114ff88ccf4c3705c1d86a0f99f77e3dd055114c14340c20d3,bc93ab01e41e674105a8a31c5d9fee5889f8d45bf0253f7c8b0ea199cec1934d,bc87ef33cad1a3bb05c8fbcf2d0357cc3a7443c43687446263852688858f0c6b,0.183843065,0.195044663,0000
113,001a,0010,e3b0c44298fc1c149afbf4c8996fb92427ae41e4649b934ca495991b7852b855,e3b0c44298fc1c149afbf4c8996fb92427ae41e4649b934ca495991b7852b855,5f556dad86994e89d545ecde9750574b63248f24541a6d2f7930a1b66799b0ae,943360a9a5818959e33aa851d0ac4831c347ca8ca4b98b4e7e95a6abb99fcb34,e010ed09d4baf4ac5efe240fbdd22264e7caf3784e7fd56d689fc430610e13cc,0d3eb13046a372114ff88ccf4c3705c1d86a0f99f77e3dd055114c14340c20d3,ab90ccb41b4061ed5ad2b387d627ec76c7bad3c16a1d50aaeff278e34078dafd,76387e805fa01dc6e5b060eeddab2ae571ecfaeeaaab387b8ed408ab13f8a6d1,0.182946121,0.195044466,0000
114,001a,0010,e3b0c44298fc1c149afbf4c8996fb92427ae41e4649b934ca495991b7852b855,e3b0c44298fc1c149afbf4c8996fb92427ae41e4649b934ca495991b7852b855,63c7d2555744951db6afc1f8d6f4393df328da05f725cc7c6b420cfe937ffaed,943360a9a5818959e33aa851d0ac4831c347ca8ca4b98b4e7e95a6abb99fcb34,e010ed09d4baf4ac5efe240fbdd22264e7caf3784e7fd56d689fc430610e13cc,0d3eb13046a372114ff88ccf4c3705c1d86a0f99f77e3dd055114c14340c20d3,f8f90ddbaf6ee26325520a0ca4097a53e93874618ce3e9045ff481e8b6576509,477a3b164a89f045a98f53bc316b1de2ac221ea2e4fb504deeef75058fc499ce,0.183796781,0.195153249,0000
115,001a,0010,e3b0c44298fc1c149afbf4c8996fb92427ae41e4649b934ca495991b7852b855,e3b0c44298fc1c149afbf4c8996fb92427ae41e4649b934ca495991b7852b855,4758c789e959e964fb3ac32d03d965d5a48492c5ee372ceb0316356672b4a4a4,943360a9a5818959e33aa851d0ac4831c347ca8ca4b98b4e7e95a6abb99fcb34,e010ed09d4baf4ac5efe240fbdd22264e7caf3784e7fd56d689fc430610e13cc,0d3eb13046a372114ff88ccf4c3705c1d86a0f99f77e3dd055114c14340c20d3,c87ffa6ec8e40fc2d72d92ce0224e146cd50498fde5e083c8c3b8bb7ba27682f,1a2b62f5636c9c2250ddde157fdc53c85f46be4c5ea209e75b44a6e46b66d2fd,0.183033230,0.196001320,0000
116,001a,0010,e3b0c44298fc1c149afbf4c8996fb92427ae41e4649b934ca495991b7852b855,e3b0c44298fc1c149afbf4c8996fb92427ae41e4649b934ca495991b7852b855,a63eb93d0b750bb0c02483e54c0554a32288c1b581e1dd0f2904cf3f37860821,943360a9a5818959e33aa851d0ac4831c347ca8ca4b98b4e7e95a6abb99fcb34,e010ed09d4baf4ac5efe240fbdd22264e7caf3784e7fd56d689fc430610e13cc,0d3eb13046a372114ff88ccf4c3705c1d86a0f99f77e3dd055114c14340c20d3,559bb48455a8469c7806eed3b1e082dbc5aec0f74e61fc5b4394997263e55eea,27dafb343262dc6e9a31e8dca4d72a9465e486bcb0fc0804520e84c54a714252,0.183845594,0.194151380,0000
117,001a,0010,e3b0c44298fc1c149afbf4c8996fb92427ae41e4649b934ca495991b7852b855,e3b0c44298fc1c149afbf4c8996fb92427ae41e4649b934ca495991b7852b855,deb36c51c45b6349a2281026d1dcbf2519331bbc39cd2169a59f76703cd31381,943360a9a5818959e33aa851d0ac4831c347ca8ca4b98b4e7e95a6abb99fcb34,e010ed09d4baf4ac5efe240fbdd22264e7caf3784e7fd56d689fc430610e13cc,0d3eb13046a372114ff88ccf4c3705c1d86a0f99f77e3dd055114c14340c20d3,abb97e209afb92ec409f698e9b10fb3e0c3084543d05ddd78e2506c4eb5b2f4b,fe289d310d237596de7ebd7370fb25f1d605efb546d3621fc2606c8cb9008b42,0.183949188,0.195044078,0000
118,001a,0010,e3b0c44298fc1c149afbf4c8996fb92427ae41e4649b934ca495991b7852b855,e3b0c44298fc1c149afbf4c8996fb92427ae41e4649b934ca495991b7852b855,480459847166a1a821b0869de05aa4a386957014721c05212821889ab9c40d90,943360a9a5818959e33aa851d0ac4831c347ca8ca4b98b4e7e95a6abb99fcb34,e010ed09d4baf4ac5efe240fbdd22264e7caf3784e7fd56d689fc430610e13cc,0d3eb13046a372114ff88ccf4c3705c1d86a0f99f77e3dd055114c14340c20d3,91d9ec22edc1297dfe8c80eb12a17bc5d5982152d0d77fcb240ec37cccc48717,6e18b7311808aa36caace5d3f592a58519c8200b3d3df37e9e76e6c9d02f60a9,0.183986186,0.194041319,0000
119,001a,0010,e3b0c44298fc1c149afbf4c8996fb92427ae41e4649b934ca495991b7852b855,e3b0c44298fc1c149afbf4c8996fb92427ae41e4649b934ca495991b7852b855,98d1a2af706476d83febd72f5c63c87c5a376c4a8011b332d516df33ebe8748f,943360a9a5818959e33aa851d0ac4831c347ca8ca4b98b4e7e95a6abb99fcb34,e010ed09d4baf4ac5efe240fbdd22264e7caf3784e7fd56d689fc430610e13cc,0d3eb13046a372114ff88ccf4c3705c1d86a0f99f77e3dd055114c14340c20d3,477f75eb4058977367d5563aaf4e7225804166cb657ce7d53be024c02a9ad774,190c90b3b086ce2438ca14be148a25840fbaf18f5a9475ea1e3161aa42d44e5a,0.184047385,0.194008097,0000
120,001a,0010,e3b0c44298fc1c149afbf4c8996fb92427ae41e4649b934ca495991b7852b855,e3b0c44298fc1c149afbf4c8996fb92427ae41e4649b934ca495991b7852b855,ac320328be52800524ef164ca628fe16c9fc622314dd7735346bce21907459f7,943360a9a5818959e33aa851d0ac4831c347ca8ca4b98b4e7e95a6abb99fcb34,e010ed09d4baf4ac5efe240fbdd22264e7caf3784e7fd56d689fc430610e13cc,0d3eb13046a372114ff88ccf4c3705c1d86a0f99f77e3dd055114c14340c20d3,12f957e6a577af17b61ab75478d281e907e8f1006474c92e9b9f2242d89dcc5b,6ba064fab38e65a657cb896a4f2909b57b4966ec2cc35d2012d3fae3d89c2f43,0.183948568,0.194941218,0000
121,001a,0010,e3b0c44298fc1c149afbf4c8996fb92427ae41e4649b934ca495991b7852b855,e3b0c44298fc1c149afbf4c8996fb92427ae41e4649b934ca495991b7852b855,e88351b7a610f2c444a7e440d08145a3ac675b5426f90154ba24073e43f7fc0e,943360a9a5818959e33aa851d0ac4831c347ca8ca4b98b4e7e95a6abb99fcb34,e010ed09d4baf4ac5efe240fbdd22264e7caf3784e7fd56d689fc430610e13cc,0d3eb13046a372114ff88ccf4c3705c1d86a0f99f77e3dd055114c14340c20d3,b5c781c905f20ee835b58f29a70f6dbc511297cd3fb50edcd38341c4fbcbba0e,d1514d571ebc4f4065c945a1966fa7b7717911ab3115dbbad18370456a25612d,0.185823275,0.195050691,0000
122,001a,0010,e3b0c44298fc1c149afbf4c8996fb92427ae41e4649b934ca495991b7852b855,e3b0c44298fc1c149afbf4c8996fb92427ae41e4649b934ca495991b7852b855,ab700b0d062e9978459fe3eaa0fecbf902d976d0a2625c0e7a0a4cc0d8a2f7b9,943360a9a5818959e33aa851d0ac4831c347ca8ca4b98b4e7e95a6abb99fcb34,e010ed09d4baf4ac5efe240fbdd22264e7caf3784e7fd56d689fc430610e13cc,0d3eb13046a372114ff88ccf4c3705c1d86a0f99f77e3dd055114c14340c20d3,3d9ef8fac89133bef4a154e70ba215256165ee11542530f8ca6f8ad200adfe05,fa8fa2476c85e97a75211cef7d3df6b3458c91aca47146a62b341795908bfcd6,0.183845064,0.196269352,0000
123,001a,0010,e3b0c44298fc1c149afbf4c8996fb92427ae41e4649b934ca495991b7852b855,e3b0c44298fc1c149afbf4c8996fb92427ae41e4649b934ca495991b7852b855,cc0dfeb5db8e9d78ed4cb293c6b4c27a1bb811d691bfbcf51db2eb5f60297c5b,943360a9a5818959e33aa851d0ac4831c347ca8ca4b98b4e7e95a6abb99fcb34,e010ed09d4baf4ac5efe240fbdd22264e7caf3784e7fd56d689fc430610e13cc,0d3eb13046a372114ff88ccf4c3705c1d86a0f99f77e3dd055114c14340c20d3,8352a95983e2184e878d81b88ea83839c5edb8c3685f92df568cd687a6e04cf3,3c81777a222bdcbb52ccd282b184ce78445be56990fd9525fa7372ed1fd38780,0.183841396,0.196150295,0000
124,001a,0010,e3b0c44298fc1c149afbf4c8996fb92427ae41e4649b934ca495991b7852b855,e3b0c44298fc1c149afbf4c8996fb92427ae41e4649b934ca495991b7852b855,2e1e568b2e1e270dc3a445dbfa27012b7720f53d53131c2c787143e1c2c57004,943360a9a5818959e33aa851d0ac4831c347ca8ca4b98b4e7e95a6abb99fcb34,e010ed09d4baf4ac5efe240fbdd22264e7caf3784e7fd56d689fc430610e13cc,0d3eb13046a372114ff88ccf4c3705c1d86a0f99f77e3dd055114c14340c20d3,712679a6a997b6f287741b53cf84201193ede005beba5a4e72e3f58605e5f2e7,08e5617ee30a9e0435bac83ecceff42b3db811819e23b204152354ca217a74f3,0.183038664,0.194951261,0000
125,001a,0010,e3b0c44298fc1c149afbf4c8996fb92427ae41e4649b934ca495991b7852b855,e3b0c44298fc1c149afbf4c8996fb92427ae41e4649b934ca495991b7852b855,612b0447b9706e4594a3e85f30f15b01968fe26691e8527d48d2b63d45c1f6e2,943360a9a5818959e33aa851d0ac4831c347ca8ca4b98b4e7e95a6abb99fcb34,e010ed09d4baf4ac5efe240fbdd22264e7caf3784e7fd56d689fc430610e13cc,0d3eb13046a372114ff88ccf4c3705c1d86a0f99f77e3dd055114c14340c20d3,5957f8627b2331499efa75101cf5eed698d32b1d9d4a14797602755d113c2994,aa97bc270ccbadae0b3856728100640761bd479995f7f4c431ef5b4713c1b331,0.183948889,0.195047998,0000
126,001a,0010,e3b0c44298fc1c149afbf4c8996fb92427ae41e4649b934ca495991b7852b855,e3b0c44298fc1c149afbf4c8996fb92427ae41e4649b934ca495991b7852b855,c2e57997b08a857743bd748cc04a12f07fe6d7280a2f1ad828d7e2867696f8d4,943360a9a5818959e33aa851d0ac4831c347ca8ca4b98b4e7e95a6abb99fcb34,e010ed09d4baf4ac5efe240fbdd22264e7caf3784e7fd56d689fc430610e13cc,0d3eb13046a372114ff88ccf4c3705c1d86a0f99f77e3dd055114c14340c20d3,306824d79844395c01a72c2bf78a8abf106aba5e596fb764a48c78344b79000d,cd1f117fda00cac552f610655c8bcee5e0a7dbfcfe001e9398b38b192b009b41,0.183987160,0.196044016,0000
127,001a,0010,e3b0c44298fc1c149afbf4c8996fb92427ae41e4649b934ca495991b7852b855,e3b0c44298fc1c149afbf4c8996fb92427ae41e4649b934ca495991b7852b855,5042078277f9d80d9253f6d9d0b89b6718df64b94a439b7921c9d7cccbddf57c,943360a9a5818959e33aa851d0ac4831c347ca8ca4b98b4e7e95a6abb99fcb34,e010ed09d4baf4ac5efe240fbdd22264e7caf3784e7fd56d689fc430610e13cc,0d3eb13046a372114ff88ccf4c3705c1d86a0f99f77e3dd055114c14340c20d3,452d305a37d612659dc2f6e7484ccebf740e8d123c94347ef00cf36e883f0ea8,7d400a95a93d5bfc6bb5e10e84141d118bb71f59899cd327bf88c6eae318f6ce,0.183818410,0.195010133,0000
128,001a,0010,e3b0c44298fc1c149afbf4c8996fb92427ae41e4649b934ca495991b7852b855,e3b0c44298fc1c149afbf4c8996fb92427ae41e4649b934ca495991b7852b855,8cea6ae92dbd23bb9f3041234f7fd053a36548e92f52763a9af253bb6b2826ff,943360a9a5818959e33aa851d0ac4831c347ca8ca4b98b4e7e95a6abb99fcb34,e010ed09d4baf4ac5efe240fbdd22264e7caf3784e7fd56d689fc430610e13cc,0d3eb13046a372114ff88ccf4c3705c1d86a0f99f77e3dd055114c14340c20d3,0c5c2f9d523071a4726f5ba433a018e603c9d02bc1b5437632d2c8cb9c059abc,4b2cd7b2d7000df7ec278815d6f210d6d212b68843f3c3866002d217d46d9059,0.183944100,0.196168528,0000
129,001a,0010,e3b0c44298fc1c149afbf4c8996fb92427ae41e4649b934ca495991b7852b855,e3b0c44298fc1c149afbf4c8996fb92427ae41e4649b934ca495991b7852b855,cdce673eebd59acf4677932fbe429168aa1198dc4188750812fa68eb31335af3,943360a9a5818959e33aa851d0ac4831c347ca8ca4b98b4e7e95a6abb99fcb34,e010ed09d4baf4ac5efe240fbdd22264e7caf3784e7fd56d689fc430610e13cc,0d3eb13046a372114ff88ccf4c3705c1d86a0f99f77e3dd055114c14340c20d3,5c2378463edc1d46bc2a706fe5c1325256d604e8939110b9df90e90f33425994,cbc8e185cc92c00bf69a548754cc5b91424c4b879799d87a9a25928bf5bf26a2,0.183840803,0.196151262,0000
130,001a,0010,e3b0c44298fc1c149afbf4c8996fb92427ae41e4649b934ca495991b7852b855,e3b0c44298fc1c149afbf4c8996fb92427ae41e4649b934ca495991b7852b855,d9b01e8cb71a1336977ef1905bb913f11df95c2cdcdc0b152a395d50ee34288c,943360a9a5818959e33aa851d0ac4831c347ca8ca4b98b4e7e95a6abb99fcb34,e010ed09d4baf4ac5efe240fbdd22264e7caf3784e7fd56d689fc430610e13cc,0d3eb13046a372114ff88ccf4c3705c1d86a0f99f77e3dd055114c14340c20d3,5357b798399b6e6f7f27c63d4d39cc97851eddc66a3dd99a9c93190842e68e3d,de377e76505f0dd9b9e660fc3154a746737766bbe5aeae28c12ab67d03facf67,0.183967821,0.196046935,0000
131,001a,0010,e3b0c44298fc1c149afbf4c8996fb92427ae41e4649b934ca495991b7852b855,e3b0c44298fc1c149afbf4c8996fb92427ae41e4649b934ca495991b7852b855,7a4cc9a98a94c619ccf7258395a524ee3b38deb1b7148b2d9d855f08b46d5911,943360a9a5818959e33aa851d0ac4831c347ca8ca4b98b4e7e95a6abb99fcb34,e010ed09d4baf4ac5efe240fbdd22264e7caf3784e7fd56d689fc430610e13cc,0d3eb13046a372114ff88ccf4c3705c1d86a0f99f77e3dd055114c14340c20d3,4d068ca3c15935658b0fa5c2b2e9573fe432868555af86cfc00d7fb3884cfdd5,732ce8442d48215c17f7e0e40bfc7fa9bd1b330c8859cd7d29c63463b810cefb,0.183836818,0.195133889,0000
132,001a,0010,e3b0c44298fc1c149afbf4c8996fb92427ae41e4649b934ca495991b7852b855,e3b0c44298fc1c149afbf4c8996fb92427ae41e4649b934ca495991b7852b855,2abf250da13a0ba55ecbb6d150c5a66f305607d717ad34d8d51a0d619c150365,943360a9a5818959e33aa851d0ac4831c347ca8ca4b98b4e7e95a6abb99fcb34,e010ed09d4baf4ac5efe240fbdd22264e7caf3784e7fd56d689fc430610e13cc,0d3eb13046a372114ff88ccf4c3705c1d86a0f99f77e3dd055114c14340c20d3,230bd51f483af093ff079c56299a7469bf2f743fd12bfbf6172cc035c0ae1e7b,163a1d0bed23cc063946694f891e0ab307651076816da1ba955fb5d741a4cce3,0.183721403,0.196152232,0000
133,001a,0010,e3b0c44298fc1c149afbf4c8996fb92427ae41e4649b934ca495991b7852b855,e3b0c44298fc1c149afbf4c8996fb92427ae41e4649b934ca495991b7852b855,eaf28e16f8e608199de38a303189bcc3cf20bf2f1a2195d4b04b037291073aee,943360a9a5818959e33aa851d0ac4831c347ca8ca4b98b4e7e95a6abb99fcb34,e010ed09d4baf4ac5efe240fbdd22264e7caf3784e7fd56d689fc430610e13cc,0d3eb13046a372114ff88ccf4c3705c1d86a0f99f77e3dd055114c14340c20d3,d225ab169bd80c9292902737e5f43ef479d9972c45f38c48f2853801bcb8f570,8d12cd2eaed84c7fe4e3bfe4f7452a9b2430ed0484d233811350a54481514376,0.183966645,0.194270101,0000
134,001a,0010,e3b0c44298fc1c149afbf4c8996fb92427ae41e4649b934ca495991b7852b855,e3b0c44298fc1c149afbf4c8996fb92427ae41e4649b934ca495991b7852b855,93cfb8b09c93026c065cd70ce3a364fd392d3d3ba5741b362ee2b2625abddac0,943360a9a5818959e33aa851d0ac4831c347ca8ca4b98b4e7e95a6abb99fcb34,e010ed09d4baf4ac5efe240fbdd22264e7caf3784e7fd56d689fc430610e13cc,0d3eb13046a372114ff88ccf4c3705c1d86a0f99f77e3dd055114c14340c20d3,d2da76a4c74c3fbba758edbfb6ea263c0447bce8b767a614c282a1a402ba469d,360436532cf2c2c9e7879108d79c8518595ffc45789acb985fb51ed851de5f4b,0.183040835,0.194828373,0000
135,001a,0010,e3b0c44298fc1c149afbf4c8996fb92427ae41e4649b934ca495991b7852b855,e3b0c44298fc1c149afbf4c8996fb92427ae41e4649b934ca495991b7852b855,d232766b41dafd70b27d273f83f12633e6cf7fc1c4951e949d15e9953ec755f7,943360a9a5818959e33aa851d0ac4831c347ca8ca4b98b4e7e95a6abb99fcb34,e010ed09d4baf4ac5efe240fbdd22264e7caf3784e7fd56d689fc430610e13cc,0d3eb13046a372114ff88ccf4c3705c1d86a0f99f77e3dd055114c14340c20d3,658f3f5e86c7c7526e59a49ffdafe047789d3831e20f1ce6fd50efab1ead628e,c40ae5033980406c041b3b91b1f253aed5754d26835fb55a5d6a6df2b6d53042,0.183942919,0.196152320,0000
136,001a,0010,e3b0c44298fc1c149afbf4c8996fb92427ae41e4649b934ca495991b7852b855,e3b0c44298fc1c149afbf4c8996fb92427ae41e4649b934ca495991b7852b855,e4150b5a02f900d91282a9fef59fe00a5c22613dc24b7a1d5add71e717e7d943,943360a9a5818959e33aa851d0ac4831c347ca8ca4b98b4e7e95a6abb99fcb34,e010ed09d4baf4ac5efe240fbdd22264e7caf3784e7fd56d689fc430610e13cc,0d3eb13046a372114ff88ccf4c3705c1d86a0f99f77e3dd055114c14340c20d3,797cf6e7c5fe0d15caf40503af6472c76b64d8829d01b140e4acfe64a4b09166,f94dcf73b01095322e881efc1627841fb22905a35cf2b212f85a67dac76db894,0.183842039,0.195047607,0000
137,001a,0010,e3b0c44298fc1c149afbf4c8996fb92427ae41e4649b934ca495991b7852b855,e3b0c44298fc1c149afbf4c8996fb92427ae41e4649b934ca495991b7852b855,506bf779da1ab3b2bac6a8f6c6ca69deb700e912d1c6939708abbb88df87c45f,943360a9a5818959e33aa851d0ac4831c347ca8ca4b98b4e7e95a6abb99fcb34,e010ed09d4baf4ac5efe240fbdd22264e7caf3784e7fd56d689fc430610e13cc,0d3eb13046a372114ff88ccf4c3705c1d86a0f99f77e3dd055114c14340c20d3,dbcc55c48626751a5683d571b489bcaeee0fb3e61e4643cec00e00904fa0c9e6,0a352f36985cda6bbe340fc2ba265321191ce16f996a77217d128717dc1f5977,0.183946012,0.196046490,0000
138,001a,0010,e3b0c44298fc1c149afbf4c8996fb92427ae41e4649b934ca495991b7852b855,e3b0c44298fc1c149afbf4c8996fb92427ae41e4649b934ca495991b7852b855,24c16e78ca313e448272f564654e7d1b01c7b7ded0e68ede4b57f528dd914e54,943360a9a5818959e33aa851d0ac4831c347ca8ca4b98b4e7e95a6abb99fcb34,e010ed09d4baf4ac5efe240fbdd22264e7caf3784e7fd56d689fc430610e13cc,0d3eb13046a372114ff88ccf4c3705c1d86a0f99f77e3dd055114c14340c20d3,57ea030ab3dd69d56d35d3d61572ec497caacf4be85be358c5631523a148b38a,93fa5de8118ece5eb634965efb912c2ebf4dececdae405943bd23d76d37e7794,0.184055474,0.194047613,0000
139,001a,0010,e3b0c44298fc1c149afbf4c8996fb92427ae41e4649b934ca495991b7852b855,e3b0c44298fc1c149afbf4c8996fb92427ae41e4649b934ca495991b7852b855,1ab03d354f1623b88c32396e3ff3fbce5e37c18130f7507eb044411d3065db48,943360a9a5818959e33aa851d0ac4831c347ca8ca4b98b4e7e95a6abb99fcb34,e010ed09d4baf4ac5efe240fbdd22264e7caf3784e7fd56d689fc430610e13cc,0d3eb13046a372114ff88ccf4c3705c1d86a0f99f77e3dd055114c14340c20d3,dedae3fcfc076b0aa57cccdf7ca928d171cfa5f46c4a8e7cb7db5b19725a3792,866bf68d3ae585c63ae5c9ebb209b409038f333558c38203b73887895df6b26c,0.183724724,0.195035623,0000
140,001a,0010,e3b0c44298fc1c149afbf4c8996fb92427ae41e4649b934ca495991b7852b855,e3b0c44298fc1c149afbf4c8996fb92427ae41e4649b934ca495991b7852b855,c862b4fd4fb9d4e4e4e57d5a2158da55fd75dc8bf08c81ee363b00f2312234b7,943360a9a5818959e33aa851d0ac4831c347ca8ca4b98b4e7e95a6abb99fcb34,e010ed09d4baf4ac5efe240fbdd22264e7caf3784e7fd56d689fc430610e13cc,0d3eb13046a372114ff88ccf4c3705c1d86a0f99f77e3dd055114c14340c20d3,3f9ebe997f6dc7b1b3c823d149495039578c2655f27126a157c99b71b1fe2c54,09e823fe4ab07237193a4e30dc726d1d70cb227e1b522b3a8d1c340d259c02e7,0.183825813,0.196168242,0000
141,001a,0010,e3b0c44298fc1c149afbf4c8996fb92427ae41e4649b934ca495991b7852b855,e3b0c44298fc1c149afbf4c8996fb92427ae41e4649b934ca495991b7852b855,91a3e476b39669e78ce7a2f1850fe27115c0a8ac0de9d0fbd1c0b2a0d6be381d,943360a9a5818959e33aa851d0ac4831c347ca8ca4b98b4e7e95a6abb99fcb34,e010ed09d4baf4ac5efe240fbdd22264e7caf3784e7fd56d689fc430610e13cc,0d3eb13046a372114ff88ccf4c3705c1d86a0f99f77e3dd055114c14340c20d3,9aaf932cd7718b4003723e2253f7db46af06c311c25fe1bf16f94395faf7e513,fd2d1faa4833cde47441c21e4298cab20ee88129f848f186753135e552c21298,0.184046324,0.194167532,0000
142,001a,0010,e3b0c44298fc1c149afbf4c8996fb92427ae41e4649b934ca495991b7852b855,e3b0c44298fc1c149afbf4c8996fb92427ae41e4649b934ca495991b7852b855,94592ddebc543e1f3268a2a07abe0c1f18309d63a0cdbca947406f8a6460aca2,943360a9a5818959e33aa851d0ac4831c347ca8ca4b98b4e7e95a6abb99fcb34,e010ed09d4baf4ac5efe240fbdd22264e7caf3784e7fd56d689fc430610e13cc,0d3eb13046a372114ff88ccf4c3705c1d86a0f99f77e3dd055114c14340c20d3,093fce887f5e2bc3a0b4554cfb6bb4e67eeece9d6a279b6477aa2781a15040e5,797d704e220ca1b0ac7ab33388abdcd5b2b2aa3c5553fc6a1083f0317bb4db52,0.183943573,0.195050599,0000
143,001a,0010,e3b0c44298fc1c149afbf4c8996fb92427ae41e4649b934ca495991b7852b855,e3b0c44298fc1c149afbf4c8996fb92427ae41e4649b934ca495991b7852b855,0dea749af4815f274a0e21cc49ddc5b71a648cfa3b2a56bac4d832feb52918a4,943360a9a5818959e33aa851d0ac4831c347ca8ca4b98b4e7e95a6abb99fcb34,e010ed09d4baf4ac5efe240fbdd22264e7caf3784e7fd56d689fc430610e13cc,0d3eb13046a372114ff88ccf4c3705c1d86a0f99f77e3dd055114c14340c20d3,0682c52168e513b14e50638d0698de7814b42d449a6e67f4cbab6dbb4f79fc84,417d092f7b60f6258e58dbd5b8ff4ec50c1e8d2212919d725fbc3452cf211387,0.182927190,0.195066151,0000
144,001a,0010,e3b0c44298fc1c149afbf4c8996fb92427ae41e4649b934ca495991b7852b855,e3b0c44298fc1c149afbf4c8996fb92427ae41e4649b934ca495991b7852b855,00ac0e2d5162b996e2ebe329feff4e6877cc2d9969ef38ab66c183e2e600cd83,943360a9a5818959e33aa851d0ac4831c347ca8ca4b98b4e7e95a6abb99fcb34,e010ed09d4baf4ac5efe240fbdd22264e7caf3784e7fd56d689fc430610e13cc,0d3eb13046a372114ff88ccf4c3705c1d86a0f99f77e3dd055114c14340c20d3,bc809069fdcd28c35d4fd1ac0dd0a07c7f1b8b707a5a6a6ddada9f2fc4d10048,374bedab771c6eaaef16984bba87bede89402baa8feac81b14bc3068deabc02f,0.186044600,0.194944344,0000
145,001a,0010,e3b0c44298fc1c149afbf4c8996fb92427ae41e4649b934ca495991b7852b855,e3b0c44298fc1c149afbf4c8996fb92427ae41e4649b934ca495991b7852b855,c3921da8fb43d43b517d97187dd99be3d1c2f10cd99c34266370c1adbeee924a,943360a9a5818959e33aa851d0ac4831c347ca8ca4b98b4e7e95a6abb99fcb34,e010ed09d4baf4ac5efe240fbdd22264e7caf3784e7fd56d689fc430610e13cc,0d3eb13046a372114ff88ccf4c3705c1d86a0f99f77e3dd055114c14340c20d3,285c073248b5c13a60af058e4fe6e2af87c5325f507727463073228d1b5726c4,addc9cb86c8524f841c61c589734e7af7ca540d92769c0dd81e936e46b802996,0.185949548,0.193938707,0000
146,001a,0010,e3b0c44298fc1c149afbf4c8996fb92427ae41e4649b934ca495991b7852b855,e3b0c44298fc1c149afbf4c8996fb92427ae41e4649b934ca495991b7852b855,32e2decd6ab22c6dfd75462d174f48593046fa14c442972aaa7da9f7cf9e9a20,943360a9a5818959e33aa851d0ac4831c347ca8ca4b98b4e7e95a6abb99fcb34,e010ed09d4baf4ac5efe240fbdd22264e7caf3784e7fd56d689fc430610e13cc,0d3eb13046a372114ff88ccf4c3705c1d86a0f99f77e3dd055114c14340c20d3,65ea4bd11d827250d702f7f7091eec96904a0498d08555fe4eb46a6285299f1e,9f81c9929b1219452b88a9044c0ff1dc978f3933c66a3478f727d826fb052379,0.186047035,0.195044881,0000
147,001a,0010,e3b0c44298fc1c149afbf4c8996fb92427ae41e4649b934ca495991b7852b855,e3b0c44298fc1c149afbf4c8996fb92427ae41e4649b934ca495991b7852b855,570d097ac1528f76183a9feb6cb01beac2ba08be85c78a99fb4490dc15346e67,943360a9a5818959e33aa851d0ac4831c347ca8ca4b98b4e7e95a6abb99fcb34,e010ed09d4baf4ac5efe240fbdd22264e7caf3784e7fd56d689fc430610e13cc,0d3eb13046a372114ff88ccf4c3705c1d86a0f99f77e3dd055114c14340c20d3,fbd61632fd42195ffe7de286581100f74aefe2d469ef1059fb989e8f3b4e73eb,93316ac2bbd49151ba3bcbab7fc8617d27c875d611e541f7f0173e5f03e413b7,0.183841310,0.195048518,0000
148,001a,0010,e3b0c44298fc1c149afbf4c8996fb92427ae41e4649b934ca495991b7852b855,e3b0c44298fc1c149afbf4c8996fb92427ae41e4649b934ca495991b7852b855,e5504c7a5df18f63393901fc4dcaad035445a15d90e5103e8211905518dfa5e0,943360a9a5818959e33aa851d0ac4831c347ca8ca4b98b4e7e95a6abb99fcb34,e010ed09d4baf4ac5efe240fbdd22264e7caf3784e7fd56d689fc430610e13cc,0d3eb13046a372114ff88ccf4c3705c1d86a0f99f77e3dd055114c14340c20d3,8399d940bbfbbb3a3634175350135c9a08e7f6ac732aca3792732bada2f088a2,be2658a0a5ef2fd7d3e6e1d468f44dd6f531241b7d64603e276e6cb5005b072e,0.184025599,0.195067421,0000
149,001a,0010,e3b0c44298fc1c149afbf4c8996fb92427ae41e4649b934ca495991b7852b855,e3b0c44298fc1c149afbf4c8996fb92427ae41e4649b934ca495991b7852b855,b318c89705aaf6d1b8ce581c836f31c1412a31e63e13d43c1d291154c58ffc64,943360a9a5818959e33aa851d0ac4831c347ca8ca4b98b4e7e95a6abb99fcb34,e010ed09d4baf4ac5efe240fbdd22264e7caf3784e7fd56d689fc430610e13cc,0d3eb13046a372114ff88ccf4c3705c1d86a0f99f77e3dd055114c14340c20d3,7081898610e1a288e7cef2d9b2d50d5a82543743690cd70691a5545e63b538f6,3e0b21a22b0ba849916092a136f6bc8f76acb6fc9dd3524830f11a855317c646,0.183841933,0.195051007,0000
150,001a,0010,e3b0c44298fc1c149afbf4c8996fb92427ae41e4649b934ca495991b7852b855,e3b0c44298fc1c149afbf4c8996fb92427ae41e4649b934ca495991b7852b855,76cf46f7e3e85f1bbfbb4388764800bdc059b570a33f489e9d91532b66f231ae,943360a9a5818959e33aa851d0ac4831c347ca8ca4b98b4e7e95a6abb99fcb34,e010ed09d4baf4ac5efe240fbdd22264e7caf3784e7fd56d689fc430610e13cc,0d3eb13046a372114ff88ccf4c3705c1d86a0f99f77e3dd055114c14340c20d3,091f4f9395f0b41173e87228ca08127ee7af806e141b72e72bdfbb375e0b84ac,fee99b6b721872fb8b13b587c74452201e1054cb50c34ee0ec44b741574d16b9,0.183946084,0.196147651,0000
151,001a,0010,e3b0c44298fc1c149afbf4c8996fb92427ae41e4649b934ca495991b7852b855,e3b0c44298fc1c149afbf4c8996fb92427ae41e4649b934ca495991b7852b855,477e09dc9ad48c23ab0d6af24d72c9c4ef3e707080ce62e26e983bd8c07a279d,943360a9a5818959e33aa851d0ac4831c347ca8ca4b98b4e7e95a6abb99fcb34,e010ed09d4baf4ac5efe240fbdd22264e7caf3784e7fd56d689fc430610e13cc,0d3eb13046a372114ff88ccf4c3705c1d86a0f99f77e3dd055114c14340c20d3,eeb7a1f3c5df8a00c94721890597e641ef3116a27849e211387a32de4297e8aa,f0e9bfdb5bd681ac47e5560e26fef868588707a282b9278b3c26ed0ca4965948,0.183944151,0.195045185,0000
152,001a,0010,e3b0c44298fc1c149afbf4c8996fb92427ae41e4649b934ca495991b7852b855,e3b0c44298fc1c149afbf4c8996fb92427ae41e4649b934ca495991b7852b855,4afbe0c3a77f3ee7fc731731fb6392330b02da7bb13b05bf67673d04791846d7,943360a9a5818959e33aa851d0ac4831c347ca8ca4b98b4e7e95a6abb99fcb34,e010ed09d4baf4ac5efe240fbdd22264e7caf3784e7fd56d689fc430610e13cc,0d3eb13046a372114ff88ccf4c3705c1d86a0f99f77e3dd055114c14340c20d3,6e2ea019a6abcdc1a0b6768b2c94a3cd163dfd50807e90b421ecb554f9f2da96,7e3a1e3b850211bc9e041e559043e2b37127059edbab9af0bf7011a0634c6af2,0.183942870,0.194054978,0000
153,001a,0010,e3b0c44298fc1c149afbf4c8996fb92427ae41e4649b934ca495991b7852b855,e3b0c44298fc1c149afbf4c8996fb92427ae41e4649b934ca495991b7852b855,68f000bda09873c8c5b2c8ab70bb00bec1294ed72ab7e4414292a3c129501e90,943360a9a5818959e33aa851d0ac4831c347ca8ca4b98b4e7e95a6abb99fcb34,e010ed09d4baf4ac5efe240fbdd22264e7caf3784e7fd56d689fc430610e13cc,0d3eb13046a372114ff88ccf4c3705c1d86a0f99f77e3dd055114c14340c20d3,c4777ee53da3f6150a1494dcece5ef053612bccaad3cfe679523bf862143a524,fb84501bf2bbce48de36bd273be4ee5c5f510f2da85adc413b3b78f469ff5f6c,0.183968325,0.195040318,0000
154,001a,0010,e3b0c44298fc1c149afbf4c8996fb92427ae41e4649b934ca495991b7852b855,e3b0c44298fc1c149afbf4c8996fb92427ae41e4649b934ca495991b7852b855,85ae044e4464ba44e1ed5191006458452949de0d943357e18f26c85cbafe52e4,943360a9a5818959e33aa851d0ac4831c347ca8ca4b98b4e7e95a6abb99fcb34,e010ed09d4baf4ac5efe240fbdd22264e7caf3784e7fd56d689fc430610e13cc,0d3eb13046a372114ff88ccf4c3705c1d86a0f99f77e3dd055114c14340c20d3,e2e2b4a4bc5c1070ead2277e6fa60941b8e64e0fa74a1842a6a10a8b51f26f14,fb832d16b964ca07d2cf2cc04317c246825a517c559c2766db16434600e155e1,0.183848799,0.194027889,0000
155,001a,0010,e3b0c44298fc1c149afbf4c8996fb92427ae41e4649b934ca495991b7852b855,e3b0c44298fc1c149afbf4c8996fb92427ae41e4649b934ca495991b7852b855,7a95b05673bbf2c4d48709cf9e494a0a599e9bcb5a8751306f4739a023223407,943360a9a5818959e33aa851d0ac4831c347ca8ca4b98b4e7e95a6abb99fcb34,e010ed09d4baf4ac5efe240fbdd22264e7caf3784e7fd56d689fc430610e13cc,0d3eb13046a372114ff88ccf4c3705c1d86a0f99f77e3dd055114c14340c20d3,f366541e3353441b7f92b8f0d4b42c174a7f28ed197a6cca21c46b166ecc33e1,20e8033539dc59ab42b994faf26194e45ec6e3cba9b52faf6a0972432d265889,0.183950081,0.196144668,0000
156,001a,0010,e3b0c44298fc1c149afbf4c8996fb92427ae41e4649b934ca495991b7852b855,e3b0c44298fc1c149afbf4c8996fb92427ae41e4649b934ca495991b7852b855,e8dd94a031364fda6208ba9ac957d498712cceb923e4828efa7e79025951ae1a,943360a9a5818959e33aa851d0ac4831c347ca8ca4b98b4e7e95a6abb99fcb34,e010ed09d4baf4ac5efe240fbdd22264e7caf3784e7fd56d689fc430610e13cc,0d3eb13046a372114ff88ccf4c3705c1d86a0f99f77e3dd055114c14340c20d3,39795e08947bd01aad7a2b0cf9942a72f125e0ba5957c37eeb05e1d855fe3dd9,ed39e51f84b2a995feada3517557c24210f645cafa6c88d5ef802eacffd4c905,0.183952718,0.195032759,0000
157,001a,0010,e3b0c44298fc1c149afbf4c8996fb92427ae41e4649b934ca495991b7852b855,e3b0c44298fc1c149afbf4c8996fb92427ae41e4649b934ca495991b7852b855,ddf9220391c2a6a51e0d2559834debb4c7f2d700f7080f2241b15675257b2753,943360a9a5818959e33aa851d0ac4831c347ca8ca4b98b4e7e95a6abb99fcb34,e010ed09d4baf4ac5efe240fbdd22264e7caf3784e7fd56d689fc430610e13cc,0d3eb13046a372114ff88ccf4c3705c1d86a0f99f77e3dd055114c14340c20d3,a0b87f361c2bedbcca1a32e6befe1ee6508f17a8d9cb4c24a40a582ecdbbafc7,7badca7e083331870c825106bd8c761fd1f444b77a65760973f186cda1adb72b,0.185866265,0.194046506,0000
158,001a,0010,e3b0c44298fc1c149afbf4c8996fb92427ae41e4649b934ca495991b7852b855,e3b0c44298fc1c149afbf4c8996fb92427ae41e4649b934ca495991b7852b855,940ba3097d422c35da331d43de3cc1cddef05450ea628e8bbdfe9d5c77126105,943360a9a5818959e33aa851d0ac4831c347ca8ca4b98b4e7e95a6abb99fcb34,e010ed09d4baf4ac5efe240fbdd22264e7caf3784e7fd56d689fc430610e13cc,0d3eb13046a372114ff88ccf4c3705c1d86a0f99f77e3dd055114c14340c20d3,350c3e5054917dab894fcfd1ea63f9eb1c736ba8078f6d173f2b128a15df9424,c30e996b92fc20d23cd3d9ccbe1b7080e16305218db78c2176a5028c1a4265ad,0.183946713,0.195127008,0000
159,001a,0010,e3b0c44298fc1c149afbf4c8996fb92427ae41e4649b934ca495991b7852b855,e3b0c44298fc1c149afbf4c8996fb92427ae41e4649b934ca495991b7852b855,fae23763b39d1fe78d68b22d358bc5835f4d2575e851931ceca817484cbae0a8,943360a9a5818959e33aa851d0ac4831c347ca8ca4b98b4e7e95a6abb99fcb34,e010ed09d4baf4ac5efe240fbdd22264e7caf3784e7fd56d689fc430610e13cc,0d3eb13046a372114ff88ccf4c3705c1d86a0f99f77e3dd055114c14340c20d3,d67da0ee77db0b8f2b0fb8775f5bebdceca1108cb33bfc757ae12d21cd7343f2,955b49a0c8229f5643defd10b63f49bd384e98f1cca798c90500b6a738acc65e,0.185944628,0.193942066,0000
160,001a,0010,e3b0c44298fc1c149afbf4c8996fb92427ae41e4649b934ca495991b7852b855,e3b0c44298fc1c149afbf4c8996fb92427ae41e4649b934ca495991b7852b855,a897ea88b3a81dcd86beba5b64d691f0f648d47b1c5373d7d6ad4d4d8b857cbb,943360a9a5818959e33aa851d0ac4831c347ca8ca4b98b4e7e95a6abb99fcb34,e010ed09d4baf4ac5efe240fbdd22264e7caf3784e7fd56d689fc430610e13cc,0d3eb13046a372114ff88ccf4c3705c1d86a0f99f77e3dd055114c14340c20d3,10bfc3bc67ebf6bb82710fa8d92bdd8efa954633085d58a6e3d783d2883f1e6b,490e37d8198467252b0bcba12ff4a2a28af8d61a8321b90f5d84234f8ac691a1,0.183943234,0.195153506,0000
161,001a,0010,e3b0c44298fc1c149afbf4c8996fb92427ae41e4649b934ca495991b7852b855,e3b0c44298fc1c149afbf4c8996fb92427ae41e4649b934ca495991b7852b855,4c45772d3d8442bfe896299122568d34fd331a8574a3ddf555b873dfd481871e,943360a9a5818959e33aa851d0ac4831c347ca8ca4b98b4e7e95a6abb99fcb34,e010ed09d4baf4ac5efe240fbdd22264e7caf3784e7fd56d689fc430610e13cc,0d3eb13046a372114ff88ccf4c3705c1d86a0f99f77e3dd055114c14340c20d3,a0e5f720182abd8dbf6e907cb2f291fb31f6c9dfb64554c6393a1f719b48e80e,d10c0a60ac7576e666a4bab2ecfce4387fb7faee9c0acb155e4b0d8ea37fd17b,0.183947325,0.194943349,0000
162,001a,0010,e3b0c44298fc1c149afbf4c8996fb92427ae41e4649b934ca495991b7852b855,e3b0c44298fc1c149afbf4c8996fb92427ae41e4649b934ca495991b7852b855,13b74715207e6f94cdda79391660db9a9d3258c19b52cf56c9d7fde7b1b2a262,943360a9a5818959e33aa851d0ac4831c347ca8ca4b98b4e7e95a6abb99fcb34,e010ed09d4baf4ac5efe240fbdd22264e7caf3784e7fd56d689fc430610e13cc,0d3eb13046a372114ff88ccf4c3705c1d86a0f99f77e3dd055114c14340c20d3,096f457d4186213c919b2ca2a0b94f2a1532a6ae2f9d0c4c0ce3674eedd8bce3,62167703fd50663a3ac37e91ccdbcb65a1d67d943ed2787c6ece8d527af9844a,0.183945798,0.196069368,0000
163,001a,0010,e3b0c44298fc1c149afbf4c8996fb92427ae41e4649b934ca495991b7852b855,e3b0c44298fc1c149afbf4c8996fb92427ae41e4649b934ca495991b7852b855,58a9a069e7223379c0d27b6f32c31968ad764aad44e859e3197805037e1b69cf,943360a9a5818959e33aa851d0ac4831c347ca8ca4b98b4e7e95a6abb99fcb34,e010ed09d4baf4ac5efe240fbdd22264e7caf3784e7fd56d689fc430610e13cc,0d3eb13046a372114ff88ccf4c3705c1d86a0f99f77e3dd055114c14340c20d3,78a6417729a4e05e9d2bec8c1c838ae022ad62082df010bdf5d259d42fa01956,dd7bf32165b0f88f2f9d37412a4dbc0affa706726713e98d6da0c75b02ad5a4c,0.183807840,0.196156372,0000
164,001a,0010,e3b0c44298fc1c149afbf4c8996fb92427ae41e4649b934ca495991b7852b855,e3b0c44298fc1c149afbf4c8996fb92427ae41e4649b934ca495991b7852b855,780364c66085a5e94cabf9ea20f078dbf3eb90324909201dcd1441ea1bd9d2a4,943360a9a5818959e33aa851d0ac4831c347ca8ca4b98b4e7e95a6abb99fcb34,e010ed09d4baf4ac5efe240fbdd22264e7caf3784e7fd56d689fc430610e13cc,0d3eb13046a372114ff88ccf4c3705c1d86a0f99f77e3dd055114c14340c20d3,12b8694006d74569a2a74e802bff0af13a882f820f21c504214666aaa6e8fbc9,93ab927bc07980aa23dd1dc0be4a5b1c0e062a151c734b2621d2224926d49f6a,0.184047189,0.194051985,0000
165,001a,0010,e3b0c44298fc1c149afbf4c8996fb92427ae41e4649b934ca495991b7852b855,e3b0c44298fc1c149afbf4c8996fb92427ae41e4649b934ca495991b7852b855,9a7d1cc475e7ff6822dee4ee934b176bf24e4a42719b0a8f294a9542bcc13024,943360a9a5818959e33aa851d0ac4831c347ca8ca4b98b4e7e95a6abb99fcb34,e010ed09d4baf4ac5efe240fbdd22264e7caf3784e7fd56d689fc430610e13cc,0d3eb13046a372114ff88ccf4c3705c1d86a0f99f77e3dd055114c14340c20d3,0a791c088abe366c9069f80c820f83d25bc7e53c8c153424347e4ba53fc0ff78,1a5608d7ff546e11190aa25cfa90b3c6b9e354193d9d5af5e6412d26cd546549,0.183824791,0.193944674,0000
166,001a,0010,e3b0c44298fc1c149afbf4c8996fb92427ae41e4649b934ca495991b7852b855,e3b0c44298fc1c149afbf4c8996fb92427ae41e4649b934ca495991b7852b855,5711d6e229fe9139a35597a8a35394ce9a2d91c26fe1c2ec76578ba68faa4565,943360a9a5818959e33aa851d0ac4831c347ca8ca4b98b4e7e95a6abb99fcb34,e010ed09d4baf4ac5efe240fbdd22264e7caf3784e7fd56d689fc430610e13cc,0d3eb13046a372114ff88ccf4c3705c1d86a0f99f77e3dd055114c14340c20d3,91afc69d90a7701296cf98075d43d3bf6114af7ab0f9fd093db0296f5dbf9f86,a56603a0de250bc9292d11742b9a2616d2193a8a8367e46e9942934f0d7f29b0,0.185946869,0.196163924,0000
167,001a,0010,e3b0c44298fc1c149afbf4c8996fb92427ae41e4649b934ca495991b7852b855,e3b0c44298fc1c149afbf4c8996fb92427ae41e4649b934ca495991b7852b855,6d25df6e3e0075cc866748a5cba9bb1cc3d0ebbc529f2a3c6f74a219bba5a42c,943360a9a5818959e33aa851d0ac4831c347ca8ca4b98b4e7e95a6abb99fcb34,e010ed09d4baf4ac5efe240fbdd22264e7caf3784e7fd56d689fc430610e13cc,0d3eb13046a372114ff88ccf4c3705c1d86a0f99f77e3dd055114c14340c20d3,891bdda92c9e9ff8b16e938496ede79dc9ce775ad5a394b5e4b4b068e364c8c6,1f460898d08d80fb23dd7e479a9672f77dacf4aacae8dc071e633650b9700c2b,0.183200828,0.194926594,0000
168,001a,0010,e3b0c44298fc1c149afbf4c8996fb92427ae41e4649b934ca495991b7852b855,e3b0c44298fc1c149afbf4c8996fb92427ae41e4649b934ca495991b7852b855,2851b9a21eca2f43a2a355dad2289d7f7b6535220e3f5e0186c23b8f584dd907,943360a9a5818959e33aa851d0ac4831c347ca8ca4b98b4e7e95a6abb99fcb34,e010ed09d4baf4ac5efe240fbdd22264e7caf3784e7fd56d689fc430610e13cc,0d3eb13046a372114ff88ccf4c3705c1d86a0f99f77e3dd055114c14340c20d3,f3f7c1feb0cdf32a6d32ac2564e4c09e9f409f92af8f11a82a6b33c94d7bbf8c,594ab83213b382d725d361f42870becfaa559744b0b1d6cec668bd00f0178e70,0.183940781,0.195024146,0000
169,001a,0010,e3b0c44298fc1c149afbf4c8996fb92427ae41e4649b934ca495991b7852b855,e3b0c44298fc1c149afbf4c8996fb92427ae41e4649b934ca495991b7852b855,aebdfac4de579a6579046f260aa48d6446944a001d301f70174333e976214e2b,943360a9a5818959e33aa851d0ac4831c347ca8ca4b98b4e7e95a6abb99fcb34,e010ed09d4baf4ac5efe240fbdd22264e7caf3784e7fd56d689fc430610e13cc,0d3eb13046a372114ff88ccf4c3705c1d86a0f99f77e3dd055114c14340c20d3,12619e8b65e056e7bde82ab7825c80cfb47ecba17eae48a1ea8e17051672582c,b6928eaa03d8046876cc14b570ca3c74e480153f798bbbc1c104fccefcef5d1f,0.183843364,0.195043323,0000
170,001a,0010,e3b0c44298fc1c149afbf4c8996fb92427ae41e4649b934ca495991b7852b855,e3b0c44298fc1c149afbf4c8996fb92427ae41e4649b934ca495991b7852b855,6de4a43e3d884c9cbeb6cc0353633a1ba896e7939b54a0bf81c27142768afe8d,943360a9a5818959e33aa851d0ac4831c347ca8ca4b98b4e7e95a6abb99fcb34,e010ed09d4baf4ac5efe240fbdd22264e7caf3784e7fd56d689fc430610e13cc,0d3eb13046a372114ff88ccf4c3705c1d86a0f99f77e3dd055114c14340c20d3,e40079e74e6eb68672eb16c1ebec8470b1f3e35372d2ef7b3d27a631c95f6082,940a0f1592388f24a8fb0ccce35a061ff4607a194c048084759f95943cee5344,0.185946667,0.195047579,0000
171,001a,0010,e3b0c44298fc1c149afbf4c8996fb92427ae41e4649b934ca495991b7852b855,e3b0c44298fc1c149afbf4c8996fb92427ae41e4649b934ca495991b7852b855,d5399f7248d575851d286dde651a1f5168b0ba50e3c8885366e2bbe9050fe0c7,943360a9a5818959e33aa851d0ac4831c347ca8ca4b98b4e7e95a6abb99fcb34,e010ed09d4baf4ac5efe240fbdd22264e7caf3784e7fd56d689fc430610e13cc,0d3eb13046a372114ff88ccf4c3705c1d86a0f99f77e3dd055114c14340c20d3,f43acc6fd0805b07979eeb63358bcf6fd26b448311f96fe48e466f4506e974d3,ff1cc6f7503b745246c2bb4ef80e5456a806b53eba5f643e16879d62b37ed34e,0.183946499,0.195045353,0000
172,001a,0010,e3b0c44298fc1c149afbf4c8996fb92427ae41e4649b934ca495991b7852b855,e3b0c44298fc1c149afbf4c8996fb92427ae41e4649b934ca495991b7852b855,16ac9e4bfbf32862e427a6be2b7da73704e7269e7c061c8e944cbed241fcd108,943360a9a5818959e33aa851d0ac4831c347ca8ca4b98b4e7e95a6abb99fcb34,e010ed09d4baf4ac5efe240fbdd22264e7caf3784e7fd56d689fc430610e13cc,0d3eb13046a372114ff88ccf4c3705c1d86a0f99f77e3dd055114c14340c20d3,d68f230accb9e80600b6a641ffb7a0c1b086481f3cd0792edd769fd6893b603e,f93913a43541b5c70586efc061fce2af6d9f85d2f0cd1d0665e8b487da6ee3bf,0.186048847,0.196045180,0000
173,001a,0010,e3b0c44298fc1c149afbf4c8996fb92427ae41e4649b934ca495991b7852b855,e3b0c44298fc1c149afbf4c8996fb92427ae41e4649b934ca495991b7852b855,ca226d3f93865a0a2d35ea310e9e102630259adf1bd4f452cc6c112c249d0bc1,943360a9a5818959e33aa851d0ac4831c347ca8ca4b98b4e7e95a6abb99fcb34,e010ed09d4baf4ac5efe240fbdd22264e7caf3784e7fd56d689fc430610e13cc,0d3eb13046a372114ff88ccf4c3705c1d86a0f99f77e3dd055114c14340c20d3,367ec4523540bfbe2b459f7d4599452ecce88934f5f4db1e978e94486507ff62,589fcabca557651e63ce00b678a265456e70e5604a41e74396d83396e62c76c6,0.183835511,0.195053466,0000
174,001a,0010,e3b0c44298fc1c149afbf4c8996fb92427ae41e4649b934ca495991b7852b855,e3b0c44298fc1c149afbf4c8996fb92427ae41e4649b934ca495991b7852b855,470e4d0d543a74524b22137cfa95f1792a57cdf1d23d80f25755fb8e42b438a7,943360a9a5818959e33aa851d0ac4831c347ca8ca4b98b4e7e95a6abb99fcb34,e010ed09d4baf4ac5efe240fbdd22264e7caf3784e7fd56d689fc430610e13cc,0d3eb13046a372114ff88ccf4c3705c1d86a0f99f77e3dd055114c14340c20d3,63c3db35767d0588b3b97f88e85ccd7cb456a09ce45e0e5cec380a9c77aa499d,c36a61cb6bd360cada74ea78b99d4a5ce3ad47c2562f3b8ecd290b75e2782f93,0.184054125,0.196046383,0000
175,001a,0010,e3b0c44298fc1c149afbf4c8996fb92427ae41e4649b934ca495991b7852b855,e3b0c44298fc1c149afbf4c8996fb92427ae41e4649b934ca495991b7852b855,22b44b5b55c597f5f7468cffe0fbf3d345091534d766d2a7d5b8f4d2a9baa860,943360a9a5818959e33aa851d0ac4831c347ca8ca4b98b4e7e95a6abb99fcb34,e010ed09d4baf4ac5efe240fbdd22264e7caf3784e7fd56d689fc430610e13cc,0d3eb13046a372114ff88ccf4c3705c1d86a0f99f77e3dd055114c14340c20d3,6f446ef28b7f0512b7fb4fb7c4835c3ce1840b53ff473766d96fd55da9759028,257dce32617edc39194067104fa5f3f408fc14acff6f3dbd6a4582f198f856ba,0.183727718,0.195039853,0000
176,001a,0010,e3b0c44298fc1c149afbf4c8996fb92427ae41e4649b934ca495991b7852b855,e3b0c44298fc1c149afbf4c8996fb92427ae41e4649b934ca495991b7852b855,fa50d6c2146efc8067f4f47dd81e7b25cf16be793ba6649e86b963c452ece538,943360a9a5818959e33aa851d0ac4831c347ca8ca4b98b4e7e95a6abb99fcb34,e010ed09d4baf4ac5efe240fbdd22264e7caf3784e7fd56d689fc430610e13cc,0d3eb13046a372114ff88ccf4c3705c1d86a0f99f77e3dd055114c14340c20d3,d54879a8d0d617e55fe33c8d897192b7b1a477a4aa153d75d0ce58671becd760,ca46abbff3d4bba5ad1fce6f7789df92a21570c52b4ebc9fdff28c89dcf1553b,0.184056374,0.196162198,0000
177,001a,0010,e3b0c44298fc1c149afbf4c8996fb92427ae41e4649b934ca495991b7852b855,e3b0c44298fc1c149afbf4c8996fb92427ae41e4649b934ca495991b7852b855,d7fa001cadd70cc9a160b1bc98d405c956ed869bf0ade3be71f73085a77e0004,943360a9a5818959e33aa851d0ac4831c347ca8ca4b98b4e7e95a6abb99fcb34,e010ed09d4baf4ac5efe240fbdd22264e7caf3784e7fd56d689fc430610e13cc,0d3eb13046a372114ff88ccf4c3705c1d86a0f99f77e3dd055114c14340c20d3,451d8263d639ed63771582cbf74d9e3c3e6a08463df90502fab8fda87a782044,67f6a9643520d3effc3ad75f812ad9f31ef81978111278c2d5b887bbff41c6b8,0.183836353,0.194937498,0000
178,001a,0010,e3b0c44298fc1c149afbf4c8996fb92427ae41e4649b934ca495991b7852b855,e3b0c44298fc1c149afbf4c8996fb92427ae41e4649b934ca495991b7852b855,f21db122e2db6c7ed0b149f3ee0416641086c3939ad09a2230d2b7d19c2eb661,943360a9a5818959e33aa851d0ac4831c347ca8ca4b98b4e7e95a6abb99fcb34,e010ed09d4baf4ac5efe240fbdd22264e7caf3784e7fd56d689fc430610e13cc,0d3eb13046a372114ff88ccf4c3705c1d86a0f99f77e3dd055114c14340c20d3,dd17addf0444c82d538b25942026ec3c6383afd297fca3b8112dc35d03e94b51,b04b28f8fb2d93916872557f969b251001fdfc63a93ec57b595f49fc6493a89f,0.183948409,0.196156360,0000
179,001a,0010,e3b0c44298fc1c149afbf4c8996fb92427ae41e4649b934ca495991b7852b855,e3b0c44298fc1c149afbf4c8996fb92427ae41e4649b934ca495991b7852b855,6682db9f4354626b91e4da65d778fb2173300064211906fd54baea3660e3d891,943360a9a5818959e33aa851d0ac4831c347ca8ca4b98b4e7e95a6abb99fcb34,e010ed09d4baf4ac5efe240fbdd22264e7caf3784e7fd56d689fc430610e13cc,0d3eb13046a372114ff88ccf4c3705c1d86a0f99f77e3dd055114c14340c20d3,fb61005539b84074ab18bfba4a5da543e5d835f0a55e9c0c6f6755ef6963a5e7,bcac3901c5403e7763186e6d7e8dc057071012f8623995ece3d273e92473d860,0.183825408,0.195169466,0000
180,001a,0010,e3b0c44298fc1c149afbf4c8996fb92427ae41e4649b934ca495991b7852b855,e3b0c44298fc1c149afbf4c8996fb92427ae41e4649b934ca495991b7852b855,79b0d70fba6ad08bda8129861840658e923fea33c76870ad1304bd7ecfbb5e34,943360a9a5818959e33aa851d0ac4831c347ca8ca4b98b4e7e95a6abb99fcb34,e010ed09d4baf4ac5efe240fbdd22264e7caf3784e7fd56d689fc430610e13cc,0d3eb13046a372114ff88ccf4c3705c1d86a0f99f77e3dd055114c14340c20d3,4160d4c4770fa93d11fbccdd7fded5a1e28645efce1fc5ffe2110f184e037abf,fabf79e7b9332679b98894c46ced900b051328599a513a6dfd67f5b4dfb0e6f2,0.183945749,0.196034178,0000
181,001a,0010,e3b0c44298fc1c149afbf4c8996fb92427ae41e4649b934ca495991b7852b855,e3b0c44298fc1c149afbf4c8996fb92427ae41e4649b934ca495991b7852b855,477ea33cc55cc535703435d49545b878fba25ecadbd7b79f4f0d4ef4a871a22f,943360a9a5818959e33aa851d0ac4831c347ca8ca4b98b4e7e95a6abb99fcb34,e010ed09d4baf4ac5efe240fbdd22264e7caf3784e7fd56d689fc430610e13cc,0d3eb13046a372114ff88ccf4c3705c1d86a0f99f77e3dd055114c14340c20d3,d7309be2f42d5486979334685c5571e7e29b5f1ef91d8b0ab0662d0ad077fdac,535a39cd81a24d128b4cec0614a365f987e5995514dc784a8eb4f7a4e298cdd2,0.186051501,0.195051266,0000
182,001a,0010,e3b0c44298fc1c149afbf4c8996fb92427ae41e4649b934ca495991b7852b855,e3b0c44298fc1c149afbf4c8996fb92427ae41e4649b934ca495991b7852b855,805c18939c0130992e64ac66f7297ab177a4137bb02a10ab3f92b448d4f6d50c,943360a9a5818959e33aa851d0ac4831c347ca8ca4b98b4e7e95a6abb99fcb34,e010ed09d4baf4ac5efe240fbdd22264e7caf3784e7fd56d689fc430610e13cc,0d3eb13046a372114ff88ccf4c3705c1d86a0f99f77e3dd055114c14340c20d3,2669212a134eff522d1218e10dc5a61cadd5d611bead2127f480ef5f4a01e1ff,6c28fc3696d2f00b527313bdd20523019249403266c81f6db280c59e6934af8e,0.186056738,0.194817552,0000
183,001a,0010,e3b0c44298fc1c149afbf4c8996fb92427ae41e4649b934ca495991b7852b855,e3b0c44298fc1c149afbf4c8996fb92427ae41e4649b934ca495991b7852b855,5238451a7a50327e1ed2061cde852cfa65237c3e3ce9045dae38f53e0ca7ccba,943360a9a5818959e33aa851d0ac4831c347ca8ca4b98b4e7e95a6abb99fcb34,e010ed09d4baf4ac5efe240fbdd22264e7caf3784e7fd56d689fc430610e13cc,0d3eb13046a372114ff88ccf4c3705c1d86a0f99f77e3dd055114c14340c20d3,a3c48876f8ba59893aaed0823dc7770e38853e1671b41daf07fb620ccf98ca9f,a5940321fe75cde730a754e9785c23ec2304634d768e198e0bcdd819bdeb7311,0.184047292,0.195056837,0000
184,001a,0010,e3b0c44298fc1c149afbf4c8996fb92427ae41e4649b934ca495991b7852b855,e3b0c44298fc1c149afbf4c8996fb92427ae41e4649b934ca495991b7852b855,8a1d43906e945468933d2452e0037ac2e703d3098731a32da0e8ccf72e87467d,943360a9a5818959e33aa851d0ac4831c347ca8ca4b98b4e7e95a6abb99fcb34,e010ed09d4baf4ac5efe240fbdd22264e7caf3784e7fd56d689fc430610e13cc,0d3eb13046a372114ff88ccf4c3705c1d86a0f99f77e3dd055114c14340c20d3,c01ff0e77b7fc94165be3abf63590265d0caad2c35a2427239b8869b6b73a2fa,8feb4e113cd081ad169f62ed57f5c81be92be9f80e22c85b8baf43ab701b42ff,0.183948381,0.195045756,0000
185,001a,0010,e3b0c44298fc1c149afbf4c8996fb92427ae41e4649b934ca495991b7852b855,e3b0c44298fc1c149afbf4c8996fb92427ae41e4649b934ca495991b7852b855,2cf65e651fa62b17e2f9b25dfb661e0b61e427481e6658fddf73053cba7df825,943360a9a5818959e33aa851d0ac4831c347ca8ca4b98b4e7e95a6abb99fcb34,e010ed09d4baf4ac5efe240fbdd22264e7caf3784e7fd56d689fc430610e13cc,0d3eb13046a372114ff88ccf4c3705c1d86a0f99f77e3dd055114c14340c20d3,fb7be3134abca70cd46fe9838357f7e1b5677ef84a5e4f051699e6c31b4dce62,dd3c0087d74d3dec911545bb236a27dfc1478a3e27200c05d6591d4f886fca3d,0.183944346,0.195047642,0000
186,001a,0010,e3b0c44298fc1c149afbf4c8996fb92427ae41e4649b934ca495991b7852b855,e3b0c44298fc1c149afbf4c8996fb92427ae41e4649b934ca495991b7852b855,bf0b4cb4fafa941f4bc3f7cb847401882913aa912febf84e06db0cecb115a4e8,943360a9a5818959e33aa851d0ac4831c347ca8ca4b98b4e7e95a6abb99fcb34,e010ed09d4baf4ac5efe240fbdd22264e7caf3784e7fd56d689fc430610e13cc,0d3eb13046a372114ff88ccf4c3705c1d86a0f99f77e3dd055114c14340c20d3,2c02ab9c8a1e9b98086cf38b7c226ab853e0a5d7b6e6d50973bf527052dc4cf4,9a6448c385f86d58c8dabc44ab272e6834ec0908b99ced722347786c868b73b0,0.187083034,0.194822122,0000
187,001a,0010,e3b0c44298fc1c149afbf4c8996fb92427ae41e4649b934ca495991b7852b855,e3b0c44298fc1c149afbf4c8996fb92427ae41e4649b934ca495991b7852b855,99b3d63f16edc93709577e2c12dcc1f3d033e398273dee5ef81688cc47d90e94,943360a9a5818959e33aa851d0ac4831c347ca8ca4b98b4e7e95a6abb99fcb34,e010ed09d4baf4ac5efe240fbdd22264e7caf3784e7fd56d689fc430610e13cc,0d3eb13046a372114ff88ccf4c3705c1d86a0f99f77e3dd055114c14340c20d3,48d0de172a6c96e273543749dec308a9ba0882b2bcda89ea33a61279fb90cd9c,7dd5c14dc5419f4f2ae7aab4c4ffe8101a95cd71e8e259b1fdbf472dc7b0f01c,0.183743060,0.196130963,0000
188,001a,0010,e3b0c44298fc1c149afbf4c8996fb92427ae41e4649b934ca495991b7852b855,e3b0c44298fc1c149afbf4c8996fb92427ae41e4649b934ca495991b7852b855,4144b801bedc8dbbb35c92670f6315f56aaa1ae2dee652eadc14ca962e3a05e4,943360a9a5818959e33aa851d0ac4831c347ca8ca4b98b4e7e95a6abb99fcb34,e010ed09d4baf4ac5efe240fbdd22264e7caf3784e7fd56d689fc430610e13cc,0d3eb13046a372114ff88ccf4c3705c1d86a0f99f77e3dd055114c14340c20d3,59e67bae24cea3fe2be3db58112eb44b13fb961b6802478c461ce4c5aaef56e7,41d900a91db916dde243cc7570711ab253b4ff2ae87abb059dafcfa044a38a90,0.183848053,0.196249974,0000
189,001a,0010,e3b0c44298fc1c149afbf4c8996fb92427ae41e4649b934ca495991b7852b855,e3b0c44298fc1c149afbf4c8996fb92427ae41e4649b934ca495991b7852b855,4b4fb1bce1240aa620db0836e21a5ea6e59bceafbe0a86afd33ea38d6eee3024,943360a9a5818959e33aa851d0ac4831c347ca8ca4b98b4e7e95a6abb99fcb34,e010ed09d4baf4ac5efe240fbdd22264e7caf3784e7fd56d689fc430610e13cc,0d3eb13046a372114ff88ccf4c3705c1d86a0f99f77e3dd055114c14340c20d3,8880a59efb845f15996747f16a32cc1741245b97f5ba4ca419ff591883334373,70deb9ec40c113b3880fd2aad8a10d1414bec2b3fd594236e2a8731a80e9d908,0.183846360,0.196144937,0000
190,001a,0010,e3b0c44298fc1c149afbf4c8996fb92427ae41e4649b934ca495991b7852b855,e3b0c44298fc1c149afbf4c8996fb92427ae41e4649b934ca495991b7852b855,6316684e38e62ce181a7968ed403be2cef1a3aab3ce93473d595ba5b52706b32,943360a9a5818959e33aa851d0ac4831c347ca8ca4b98b4e7e95a6abb99fcb34,e010ed09d4baf4ac5efe240fbdd22264e7caf3784e7fd56d689fc430610e13cc,0d3eb13046a372114ff88ccf4c3705c1d86a0f99f77e3dd055114c14340c20d3,5f34f10ca3d643a89f6fc2c80b63176b83ff7c6711d7b1170e115d7a3b6d1596,f7edcdd2a38fe16112110e729180cca945ba74f12857529951f37fd7059b10f2,0.183838042,0.195148240,0000
191,001a,0010,e3b0c44298fc1c149afbf4c8996fb92427ae41e4649b934ca495991b7852b855,e3b0c44298fc1c149afbf4c8996fb92427ae41e4649b934ca495991b7852b855,2676ed8c491c1366ca9d91c53420ee1c7bbbc067b6f61fbee5fbbeebff7c2fc8,943360a9a5818959e33aa851d0ac4831c347ca8ca4b98b4e7e95a6abb99fcb34,e010ed09d4baf4ac5efe240fbdd22264e7caf3784e7fd56d689fc430610e13cc,0d3eb13046a372114ff88ccf4c3705c1d86a0f99f77e3dd055114c14340c20d3,ae8302494dde9c095a28572bb1a4f4a6e91f7331caca6f275716f42e525982cd,4faf51238a149569cff70519c4a4c2b1bdfe0cb6a06a28e4a86ac9716607f9d7,0.183835733,0.196159366,0000
192,001a,0010,e3b0c44298fc1c149afbf4c8996fb92427ae41e4649b934ca495991b7852b855,e3b0c44298fc1c149afbf4c8996fb92427ae41e4649b934ca495991b7852b855,dc8f772938b9587678a299ca5660c5b95e17a3d5c28c14ccfe9543dac0d27afb,943360a9a5818959e33aa851d0ac4831c347ca8ca4b98b4e7e95a6abb99fcb34,e010ed09d4baf4ac5efe240fbdd22264e7caf3784e7fd56d689fc430610e13cc,0d3eb13046a372114ff88ccf4c3705c1d86a0f99f77e3dd055114c14340c20d3,7a0c77389b40a39ada26374759f58ad395b87f07b50a291501a7f9548a8a8329,7c77877e16a65568044f4edfcca960936dd89d23f4a769c02eae78d6a7eb7bca,0.183819328,0.196173929,0000
193,001a,0010,e3b0c44298fc1c149afbf4c8996fb92427ae41e4649b934ca495991b7852b855,e3b0c44298fc1c149afbf4c8996fb92427ae41e4649b934ca495991b7852b855,f13106886a3f7253cdcb7ebe61710bbd91cc89075b1b5d5697a9de1bcec74701,943360a9a5818959e33aa851d0ac4831c347ca8ca4b98b4e7e95a6abb99fcb34,e010ed09d4baf4ac5efe240fbdd22264e7caf3784e7fd56d689fc430610e13cc,0d3eb13046a372114ff88ccf4c3705c1d86a0f99f77e3dd055114c14340c20d3,26e877680e9694d7924dcb4a8b052cd583e95e218b3ed36c0ec24e9a64f839ef,fb655a803e8e9539665372479c694c33b13aec84a98e628defd186dc3abba556,0.184050907,0.195044428,0000
194,001a,0010,e3b0c44298fc1c149afbf4c8996fb92427ae41e4649b934ca495991b7852b855,e3b0c44298fc1c149afbf4c8996fb92427ae41e4649b934ca495991b7852b855,76fe76a394788fd591c6c5b2ed2e45316ab5e34adfc0e88f12d395c4bfb554e3,943360a9a5818959e33aa851d0ac4831c347ca8ca4b98b4e7e95a6abb99fcb34,e010ed09d4baf4ac5efe240fbdd22264e7caf3784e7fd56d689fc430610e13cc,0d3eb13046a372114ff88ccf4c3705c1d86a0f99f77e3dd055114c14340c20d3,0654bf16d604382c020d70f0b28b9e8f1d5538a342605bb01173206111c3c962,a8f8e51b910953ae75b01cbaabed9a5cd72ea2f73df1360084f1801a6fd81b2c,0.183953686,0.194036375,0000
195,001a,0010,e3b0c44298fc1c149afbf4c8996fb92427ae41e4649b934ca495991b7852b855,e3b0c44298fc1c149afbf4c8996fb92427ae41e4649b934ca495991b7852b855,6464813c4d692538e8d77983c8b4785fc0039eca4bddfe28ec4d50d22af489b9,943360a9a5818959e33aa851d0ac4831c347ca8ca4b98b4e7e95a6abb99fcb34,e010ed09d4baf4ac5efe240fbdd22264e7caf3784e7fd56d689fc430610e13cc,0d3eb13046a372114ff88ccf4c3705c1d86a0f99f77e3dd055114c14340c20d3,b03b22ce4e3befab121ccc9dbdea98908cd424235d83f0187bb8cb5b1b6ed3e0,507dde1d878cba8c82b29d8e99de43458403279d202ee9ade13ba3feb01db6af,0.186047374,0.194841854,0000
196,001a,0010,e3b0c44298fc1c149afbf4c8996fb92427ae41e4649b934ca495991b7852b855,e3b0c44298fc1c149afbf4c8996fb92427ae41e4649b934ca495991b7852b855,41f6b587d6031f86ee180c72a0ce6b5beed6926bdb8c1afd5c7495d08920872e,943360a9a5818959e33aa851d0ac4831c347ca8ca4b98b4e7e95a6abb99fcb34,e010ed09d4baf4ac5efe240fbdd22264e7caf3784e7fd56d689fc430610e13cc,0d3eb13046a372114ff88ccf4c3705c1d86a0f99f77e3dd055114c14340c20d3,2639f668f9ef920b95feca95b6512ef28705208be6f776173c061daddca9ab35,db1b3fa54e6e660efd79c6dcd635307e6268c632f9f8632dc081ad23afb4e7e9,0.183942971,0.196154156,0000
197,001a,0010,e3b0c44298fc1c149afbf4c8996fb92427ae41e4649b934ca495991b7852b855,e3b0c44298fc1c149afbf4c8996fb92427ae41e4649b934ca495991b7852b855,1b47309176a5383faaf5e698d3ef69de24e86a2f2141c80ee0a5e0488dcecc33,943360a9a5818959e33aa851d0ac4831c347ca8ca4b98b4e7e95a6abb99fcb34,e010ed09d4baf4ac5efe240fbdd22264e7caf3784e7fd56d689fc430610e13cc,0d3eb13046a372114ff88ccf4c3705c1d86a0f99f77e3dd055114c14340c20d3,e62c333060e57ad3366763563684300bb8fc85aa4a7133b9dba9c82a7a89e0cc,7ff78dce46076b9265170ea475301691b29f86357186d5465064b6c92abd7925,0.183826608,0.193941092,0000
198,001a,0010,e3b0c44298fc1c149afbf4c8996fb92427ae41e4649b934ca495991b7852b855,e3b0c44298fc1c149afbf4c8996fb92427ae41e4649b934ca495991b7852b855,ed29aa0b5b46d542fa2099e147fe72491fae6babfcaacfedb0d8a90ad592db63,943360a9a5818959e33aa851d0ac4831c347ca8ca4b98b4e7e95a6abb99fcb34,e010ed09d4baf4ac5efe240fbdd22264e7caf3784e7fd56d689fc430610e13cc,0d3eb13046a372114ff88ccf4c3705c1d86a0f99f77e3dd055114c14340c20d3,3deed29668e2447187a927ca74c05bb241f39852e6915b8eb5bf7953f94dea97,60247882554beedcf8c7a1f35a3f640abeb889ead6890c613c5a2bedfbb384d7,0.186094304,0.196124132,0000
199,001a,0010,e3b0c44298fc1c149afbf4c8996fb92427ae41e4649b934ca495991b7852b855,e3b0c44298fc1c149afbf4c8996fb92427ae41e4649b934ca495991b7852b855,8328fbf5c6cc906603020dccdd652c72d290cce64a3df109f2a1046d2004fc16,943360a9a5818959e33aa851d0ac4831c347ca8ca4b98b4e7e95a6abb99fcb34,e010ed09d4baf4ac5efe240fbdd22264e7caf3784e7fd56d689fc430610e13cc,0d3eb13046a372114ff88ccf4c3705c1d86a0f99f77e3dd055114c14340c20d3,29104cbe2ee31d3f2cfc8c038f99c5587f7ccde5de4c9ca7304934a99629798b,f6e6aaf8b7e153b12c9a868e026773c0a2a94f62d06ae3949e53b4b5f2619a77,0.183874568,0.195045041,0000
200,001a,0010,e3b0c44298fc1c149afbf4c8996fb92427ae41e4649b934ca495991b7852b855,e3b0c44298fc1c149afbf4c8996fb92427ae41e4649b934ca495991b7852b855,a5280a4a531bd0f7f6acd9c844a36210f54c9a9c099274a928deaaf428e225af,943360a9a5818959e33aa851d0ac4831c347ca8ca4b98b4e7e95a6abb99fcb34,e010ed09d4baf4ac5efe240fbdd22264e7caf3784e7fd56d689fc430610e13cc,0d3eb13046a372114ff88ccf4c3705c1d86a0f99f77e3dd055114c14340c20d3,0f6c33133ce2999c8d3b3c5a58ef7d088b98a6d5ec51bc541a119bb17de71719,d58087a72f00cfa4c60b5cd736192cade4c555859e41839a4910195d99344170,0.183948759,0.196116576,0000
201,001a,0010,e3b0c44298fc1c149afbf4c8996fb92427ae41e4649b934ca495991b7852b855,e3b0c44298fc1c149afbf4c8996fb92427ae41e4649b934ca495991b7852b855,54c5d7b123cc244114040c550fe5b28ce72e7b55d7be6313b3594e3c9951d06a,943360a9a5818959e33aa851d0ac4831c347ca8ca4b98b4e7e95a6abb99fcb34,e010ed09d4baf4ac5efe240fbdd22264e7caf3784e7fd56d689fc430610e13cc,0d3eb13046a372114ff88ccf4c3705c1d86a0f99f77e3dd055114c14340c20d3,00f99d4ec0883cc9e07c3ba49f8393b61d5817fa56916a35e8162f34218263d1,7d6e7062c8827a02ebdb7a337d09e0c2b76e53c972e8df27e66072ed0e0bd8df,0.183948743,0.194942914,0000
202,001a,0010,e3b0c44298fc1c149afbf4c8996fb92427ae41e4649b934ca495991b7852b855,e3b0c44298fc1c149afbf4c8996fb92427ae41e4649b934ca495991b7852b855,3478b633b00d3cc59170590fac94f1beba55b21021c45e8e6754bcd47bc59f72,943360a9a5818959e33aa851d0ac4831c347ca8ca4b98b4e7e95a6abb99fcb34,e010ed09d4baf4ac5efe240fbdd22264e7caf3784e7fd56d689fc430610e13cc,0d3eb13046a372114ff88ccf4c3705c1d86a0f99f77e3dd055114c14340c20d3,b478bddce02452722848e0a6dd554a2d351240f5196df7b0a54acb07e2709f4b,0af4789637a8a0d68f0af704c9df7278053aad9ca4da8cbe0021e7373e4fedbc,0.182941525,0.196045443,0000
203,001a,0010,e3b0c44298fc1c149afbf4c8996fb92427ae41e4649b934ca495991b7852b855,e3b0c44298fc1c149afbf4c8996fb92427ae41e4649b934ca495991b7852b855,d188c26c1da5c267efb405d8f3f4dc1ad1e5ae4a75b83d201d3f952b3ed7801f,943360a9a5818959e33aa851d0ac4831c347ca8ca4b98b4e7e95a6abb99fcb34,e010ed09d4baf4ac5efe240fbdd22264e7caf3784e7fd56d689fc430610e13cc,0d3eb13046a372114ff88ccf4c3705c1d86a0f99f77e3dd055114c14340c20d3,a7809beba54a9d95ca08be8d9f5edad19d6f2c01c5c6aaf79134889cc97c5416,26036de203acc9368613af860976a312172b2e9e2f5b09b54521c42352440ab0,0.183927689,0.196167663,0000
204,001a,0010,e3b0c44298fc1c149afbf4c8996fb92427ae41e4649b934ca495991b7852b855,e3b0c44298fc1c149afbf4c8996fb92427ae41e4649b934ca495991b7852b855,ead4849ee5826bf23c6974e112eaca512c622adabd5b94c4aeec48a69106d16f,943360a9a5818959e33aa851d0ac4831c347ca8ca4b98b4e7e95a6abb99fcb34,e010ed09d4baf4ac5efe240fbdd22264e7caf3784e7fd56d689fc430610e13cc,0d3eb13046a372114ff88ccf4c3705c1d86a0f99f77e3dd055114c14340c20d3,535aaa21e8611492ec1457da5aee10591357644f01bf7ef2d07811b50814c07a,9a4e6847e55c97fa9712ca9152c072bd362ef4ad99128218deda4a68b9737fd3,0.183948349,0.195046296,0000
205,001a,0010,e3b0c44298fc1c149afbf4c8996fb92427ae41e4649b934ca495991b7852b855,e3b0c44298fc1c149afbf4c8996fb92427ae41e4649b934ca495991b7852b855,5aae50608c2db11cc101953d20960e29134dc85d865ff024f4d4115d8347f513,943360a9a5818959e33aa851d0ac4831c347ca8ca4b98b4e7e95a6abb99fcb34,e010ed09d4baf4ac5efe240fbdd22264e7caf3784e7fd56d689fc430610e13cc,0d3eb13046a372114ff88ccf4c3705c1d86a0f99f77e3dd055114c14340c20d3,3dd007b056da4f18e499ce0789da5622a3f972f72f2fc6894451020f12451dbc,4008d54dd9bf3505550ea691c55011c765a58512ba9c35c96d8ecadf28cfb8da,0.186048798,0.194944586,0000
206,001a,0010,e3b0c44298fc1c149afbf4c8996fb92427ae41e4649b934ca495991b7852b855,e3b0c44298fc1c149afbf4c8996fb92427ae41e4649b934ca495991b7852b855,076ea160c8f4a7d43a03cb1287d33a1ee3ea445287fe86e62d18ec3b7b50de29,943360a9a5818959e33aa851d0ac4831c347ca8ca4b98b4e7e95a6abb99fcb34,e010ed09d4baf4ac5efe240fbdd22264e7caf3784e7fd56d689fc430610e13cc,0d3eb13046a372114ff88ccf4c3705c1d86a0f99f77e3dd055114c14340c20d3,90d0f5a30988d21f8ca0c2ce498ec568eacd93cbc75245a388dee4e733ba297e,c46341a5e50da02f640ecd634073c83f8712c2da6f060c815c5097e727175f61,0.185944349,0.193942040,0000
207,001a,0010,e3b0c44298fc1c149afbf4c8996fb92427ae41e4649b934ca495991b7852b855,e3b0c44298fc1c149afbf4c8996fb92427ae41e4649b934ca495991b7852b855,99bab9513e3f005576847a3138bb70fa19a8acdc9ef3fa6a707f4699c062de73,943360a9a5818959e33aa851d0ac4831c347ca8ca4b98b4e7e95a6abb99fcb34,e010ed09d4baf4ac5efe240fbdd22264e7caf3784e7fd56d689fc430610e13cc,0d3eb13046a372114ff88ccf4c3705c1d86a0f99f77e3dd055114c14340c20d3,7fb31a0ccc2a80bf255b954d5dadaed1a0b3b647124436780f9bf3663b9c87e2,5ee76701f25a37b71a9cdfab41e1e7ff52078fc63b430ee6c7c8625b53568102,0.183874652,0.196150171,0000
208,001a,0010,e3b0c44298fc1c149afbf4c8996fb92427ae41e4649b934ca495991b7852b855,e3b0c44298fc1c149afbf4c8996fb92427ae41e4649b934ca495991b7852b855,362017f5ea27463e81997f5d45ce5bafde877d818c7ac8567af80b151ee65c54,943360a9a5818959e33aa851d0ac4831c347ca8ca4b98b4e7e95a6abb99fcb34,e010ed09d4baf4ac5efe240fbdd22264e7caf3784e7fd56d689fc430610e13cc,0d3eb13046a372114ff88ccf4c3705c1d86a0f99f77e3dd055114c14340c20d3,df585a54cc213a6ff72f4323269177a1e25b67fa017ae15417fb13d9ba056a3d,9fe2e44321d4692d1d82f5081ad602ecfad09f8b049573ba6b445101e13f1cb1,0.183832819,0.195128003,0000
209,001a,0010,e3b0c44298fc1c149afbf4c8996fb92427ae41e4649b934ca495991b7852b855,e3b0c44298fc1c149afbf4c8996fb92427ae41e4649b934ca495991b7852b855,1bbd44ee9bd17c3e5f4ef1506e0c988007e9bdd5aaea71080aa65fddb97b7f6e,943360a9a5818959e33aa851d0ac4831c347ca8ca4b98b4e7e95a6abb99fcb34,e010ed09d4baf4ac5efe240fbdd22264e7caf3784e7fd56d689fc430610e13cc,0d3eb13046a372114ff88ccf4c3705c1d86a0f99f77e3dd055114c14340c20d3,3c511ac0ecd2a9434804362f058cd6c3228ba91174bc91fedec96f1e6a658762,2fe523e2ee477cf74635195f4a2721a7021d8518632db00f9db6698578f795a7,0.183168009,0.195927025,0000
210,001a,0010,e3b0c44298fc1c149afbf4c8996fb92427ae41e4649b934ca495991b7852b855,e3b0c44298fc1c149afbf4c8996fb92427ae41e4649b934ca495991b7852b855,2a432f9c8596fc55a7aecb2a035e2693390dcfdba6e3e0201b6974756fc89c23,943360a9a5818959e33aa851d0ac4831c347ca8ca4b98b4e7e95a6abb99fcb34,e010ed09d4baf4ac5efe240fbdd22264e7caf3784e7fd56d689fc430610e13cc,0d3eb13046a372114ff88ccf4c3705c1d86a0f99f77e3dd055114c14340c20d3,877f76b4299459e10398df8ddc40c60a5bbcc94252af2f91c0ac4c314289e171,95900b5d7fcfb77022068ae1ab436f4843dd00b9c09f7bfc1a58bd4a2ccfd776,0.183944947,0.194942953,0000
211,001a,0010,e3b0c44298fc1c149afbf4c8996fb92427ae41e4649b934ca495991b7852b855,e3b0c44298fc1c149afbf4c8996fb92427ae41e4649b934ca495991b7852b855,e51825d4d01d1d98aec160a7fbe01f68f4f3d7c527123ad5690dd800a41932c8,943360a9a5818959e33aa851d0ac4831c347ca8ca4b98b4e7e95a6abb99fcb34,e010ed09d4baf4ac5efe240fbdd22264e7caf3784e7fd56d689fc430610e13cc,0d3eb13046a372114ff88ccf4c3705c1d86a0f99f77e3dd055114c14340c20d3,2e8b166b8c10ba78882daab9cc9897ee611e8685a1366c43296cb7c27611373e,196da020b32b92f9a6e39c5a57f2b055df9a92cd620759e1ace1f9c3bd3a08b4,0.184031822,0.196067810,0000
212,001a,0010,e3b0c44298fc1c149afbf4c8996fb92427ae41e4649b934ca495991b7852b855,e3b0c44298fc1c149afbf4c8996fb92427ae41e4649b934ca495991b7852b855,58d30226e57a451fcb602ac4028e77a6bfd24b883d42776743d9c401b667df94,943360a9a5818959e33aa851d0ac4831c347ca8ca4b98b4e7e95a6abb99fcb34,e010ed09d4baf4ac5efe240fbdd22264e7caf3784e7fd56d689fc430610e13cc,0d3eb13046a372114ff88ccf4c3705c1d86a0f99f77e3dd055114c14340c20d3,5ed5658ffd6881d1416cf058d24df5502cb3510cc477e71edcad477ca1b7d762,da915395eaa4a30aef2086aaa9a6d2f0660947ae381aa44a976d115339f7f992,0.183720610,0.195041037,0000
213,001a,0010,e3b0c44298fc1c149afbf4c8996fb92427ae41e4649b934ca495991b7852b855,e3b0c44298fc1c149afbf4c8996fb92427ae41e4649b934ca495991b7852b855,1bf98be90a2895d89a06d8eed40a0c0f108267ddb4e2eb771d2834b519af4b12,943360a9a5818959e33aa851d0ac4831c347ca8ca4b98b4e7e95a6abb99fcb34,e010ed09d4baf4ac5efe240fbdd22264e7caf3784e7fd56d689fc430610e13cc,0d3eb13046a372114ff88ccf4c3705c1d86a0f99f77e3dd055114c14340c20d3,16638faecdd2063c36b58f812004923e879a7d0c7c6e6b2b8812564339879f3b,80e29c7d295642f4cd9e301982b5d59d2bf7cf79515b25a8d78f9d16b21ab952,0.183953190,0.196271586,0000
214,001a,0010,e3b0c44298fc1c149afbf4c8996fb92427ae41e4649b934ca495991b7852b855,e3b0c44298fc1c149afbf4c8996fb92427ae41e4649b934ca495991b7852b855,6ed85c0c7d28012bf88372551a9c211e3e39a5e4b06b97bb1cc56ab4cab5b4a8,943360a9a5818959e33aa851d0ac4831c347ca8ca4b98b4e7e95a6abb99fcb34,e010ed09d4baf4ac5efe240fbdd22264e7caf3784e7fd56d689fc430610e13cc,0d3eb13046a372114ff88ccf4c3705c1d86a0f99f77e3dd055114c14340c20d3,072452b84a572fdcdb2f1e8374ecb713b86d2f5b6c41fc1e04ba2914974364cc,ae09345d7de8a34049d3071a782616f9a630aac2b60ffd90156d4331a8600f75,0.183943083,0.193938223,0000
215,001a,0010,e3b0c44298fc1c149afbf4c8996fb92427ae41e4649b934ca495991b7852b855,e3b0c44298fc1c149afbf4c8996fb92427ae41e4649b934ca495991b7852b855,23c93e74363f9076b1575631a62ac70ae582beca31afb8977da51abeb9a6f997,943360a9a5818959e33aa851d0ac4831c347ca8ca4b98b4e7e95a6abb99fcb34,e010ed09d4baf4ac5efe240fbdd22264e7caf3784e7fd56d689fc430610e13cc,0d3eb13046a372114ff88ccf4c3705c1d86a0f99f77e3dd055114c14340c20d3,bab834b88b0f13b595448202940d2281d729f7c650b329e1b6e2e5246945293d,c1cce5f0d57e5d4f5c6e0533c19a55adb0894b9cd37568393cfb2f63287e0dd1,0.182795330,0.196186266,0000
216,001a,0010,e3b0c44298fc1c149afbf4c8996fb92427ae41e4649b934ca495991b7852b855,e3b0c44298fc1c149afbf4c8996fb92427ae41e4649b934ca495991b7852b855,38a73a64d681faae23b31955352d60e89580088ac452d609f8f40f561a508f9e,943360a9a5818959e33aa851d0ac4831c347ca8ca4b98b4e7e95a6abb99fcb34,e010ed09d4baf4ac5efe240fbdd22264e7caf3784e7fd56d689fc430610e13cc,0d3eb13046a372114ff88ccf4c3705c1d86a0f99f77e3dd055114c14340c20d3,598b42d981d294c6cec0d184a08d7cc7a8116dd182ee24c7c7deaf6f53fcb1bd,793e4683f33c683edb1e352ea977503b0c4448ed80e5982875bda11f3ffbc38b,0.183862802,0.196160852,0000
217,001a,0010,e3b0c44298fc1c149afbf4c8996fb92427ae41e4649b934ca495991b7852b855,e3b0c44298fc1c149afbf4c8996fb92427ae41e4649b934ca495991b7852b855,05b30724684ef7805a88d5bc31dd9b4ea0c6724a9e7d1a7ac4a2740410e0edc0,943360a9a5818959e33aa851d0ac4831c347ca8ca4b98b4e7e95a6abb99fcb34,e010ed09d4baf4ac5efe240fbdd22264e7caf3784e7fd56d689fc430610e13cc,0d3eb13046a372114ff88ccf4c3705c1d86a0f99f77e3dd055114c14340c20d3,dd6408c2475e750dc499d4937f76a9a581a748c894d7860580d5671b2f263e70,1fc89b03b57c08d932ad0ad997da5fb9e29cc52d263fc4f8e4ddd2a2c2dfa466,0.183820958,0.196028218,0000
218,001a,0010,e3b0c44298fc1c149afbf4c8996fb92427ae41e4649b934ca495991b7852b855,e3b0c44298fc1c149afbf4c8996fb92427ae41e4649b934ca495991b7852b855,41875f69ae5a580cd4da2947c4e2c0e64b7a73c458a2badd3382fc5e2c7bed59,943360a9a5818959e33aa851d0ac4831c347ca8ca4b98b4e7e95a6abb99fcb34,e010ed09d4baf4ac5efe240fbdd22264e7caf3784e7fd56d689fc430610e13cc,0d3eb13046a372114ff88ccf4c3705c1d86a0f99f77e3dd055114c14340c20d3,88cb9b7e45c7902e6a66daf31b6671ead66d627a9a4e5121f805f38b91476a89,7b277ede8c446dafd55cd9f0583c290a9e99ef4328ebbb2f34e497997a82066e,0.187046818,0.194168704,0000
219,001a,0010,e3b0c44298fc1c149afbf4c8996fb92427ae41e4649b934ca495991b7852b855,e3b0c44298fc1c149afbf4c8996fb92427ae41e4649b934ca495991b7852b855,16cbae628b72eb26563f4a34aa93bb6c17779c1ddba93f2a6d91488eec2183be,943360a9a5818959e33aa851d0ac4831c347ca8ca4b98b4e7e95a6abb99fcb34,e010ed09d4baf4ac5efe240fbdd22264e7caf3784e7fd56d689fc430610e13cc,0d3eb13046a372114ff88ccf4c3705c1d86a0f99f77e3dd055114c14340c20d3,0b1850748379a114b3b2fab3c00fd9c5b7f9f6f45298f344797a7b27f3e80ce1,013fd66e0d833513c66da2ad09195a502087e366e67901b2c1f2e186a38345da,0.183945148,0.194945465,0000
220,001a,0010,e3b0c44298fc1c149afbf4c8996fb92427ae41e4649b934ca495991b7852b855,e3b0c44298fc1c149afbf4c8996fb92427ae41e4649b934ca495991b7852b855,d0f077703de58adbf4ac9b75b02dab9b4d52fd86305a53a40a915d85d5a3ffd5,943360a9a5818959e33aa851d0ac4831c347ca8ca4b98b4e7e95a6abb99fcb34,e010ed09d4baf4ac5efe240fbdd22264e7caf3784e7fd56d689fc430610e13cc,0d3eb13046a372114ff88ccf4c3705c1d86a0f99f77e3dd055114c14340c20d3,4b391586ac6bb633d73dbae91f0d66b8d7b871ebf51b13f474ea879b214cb8f5,a1df1d9295430c6122c935dd864fb0e8bb3f6bab8d95ba1b1ae137e59c16f590,0.183850864,0.196150124,0000
221,001a,0010,e3b0c44298fc1c149afbf4c8996fb92427ae41e4649b934ca495991b7852b855,e3b0c44298fc1c149afbf4c8996fb92427ae41e4649b934ca495991b7852b855,e8909e72b3a0c21eb3340a400093b121a4e68ee5ca0e65ee30b731fab48cfae4,943360a9a5818959e33aa851d0ac4831c347ca8ca4b98b4e7e95a6abb99fcb34,e010ed09d4baf4ac5efe240fbdd22264e7caf3784e7fd56d689fc430610e13cc,0d3eb13046a372114ff88ccf4c3705c1d86a0f99f77e3dd055114c14340c20d3,d49609d2fa8c9cca8aede4eba15f75e86e4e7d3e79348b8f97302a247e666803,fdea6459bc68aa13fe3fc3201f6a56be0bda50780f9537c86a7ae8469cdfd5f3,0.183837810,0.195145510,0000
222,001a,0010,e3b0c44298fc1c149afbf4c8996fb92427ae41e4649b934ca495991b7852b855,e3b0c44298fc1c149afbf4c8996fb92427ae41e4649b934ca495991b7852b855,92c26998c1d98fc805c8365c49a916ff2dd06bdc40c7b594b112dcd0d35a8748,943360a9a5818959e33aa851d0ac4831c347ca8ca4b98b4e7e95a6abb99fcb34,e010ed09d4baf4ac5efe240fbdd22264e7caf3784e7fd56d689fc430610e13cc,0d3eb13046a372114ff88ccf4c3705c1d86a0f99f77e3dd055114c14340c20d3,1a1631fe07643225fa7515334f717dfa023fa9b9d5c64e483153a492973e16cc,5e4448923334e16b73f4c57e0f85d2a81be69c397fa5b4cfeed12be6063e5085,0.183936689,0.196156931,0000
223,001a,0010,e3b0c44298fc1c149afbf4c8996fb92427ae41e4649b934ca495991b7852b855,e3b0c44298fc1c149afbf4c8996fb92427ae41e4649b934ca495991b7852b855,ad52e386c614df2c10f33e20caab08d09d23316595914a062a477270896b184f,943360a9a5818959e33aa851d0ac4831c347ca8ca4b98b4e7e95a6abb99fcb34,e010ed09d4baf4ac5efe240fbdd22264e7caf3784e7fd56d689fc430610e13cc,0d3eb13046a372114ff88ccf4c3705c1d86a0f99f77e3dd055114c14340c20d3,79cba691c50932454547e517138cf4fd388a40ec776bd4230d9ebf31614a3683,332b2a7b5dedbbaa58ccf0332880c329801a717a6ba939f8cd07ce7598a4c31e,0.183167175,0.195825131,0000
224,001a,0010,e3b0c44298fc1c149afbf4c8996fb92427ae41e4649b934ca495991b7852b855,e3b0c44298fc1c149afbf4c8996fb92427ae41e4649b934ca495991b7852b855,9b0fdb32a933fe117a0eb846d9f37a0f7adf6dd0ae82996a219e474b670bf9da,943360a9a5818959e33aa851d0ac4831c347ca8ca4b98b4e7e95a6abb99fcb34,e010ed09d4baf4ac5efe240fbdd22264e7caf3784e7fd56d689fc430610e13cc,0d3eb13046a372114ff88ccf4c3705c1d86a0f99f77e3dd055114c14340c20d3,a59af31b69084782ec365b75c76d3f6000df2a0337db1671932beeab04dc127f,f8232a535446494dd8198508b247fd55f18a6b98a69baceeaa005decceec224c,0.184015524,0.194978373,0000
225,001a,0010,e3b0c44298fc1c149afbf4c8996fb92427ae41e4649b934ca495991b7852b855,e3b0c44298fc1c149afbf4c8996fb92427ae41e4649b934ca495991b7852b855,9541752f9d2d752470d7bf22d71d01b679a2bcb685f006c2e799d9eb37e2c523,943360a9a5818959e33aa851d0ac4831c347ca8ca4b98b4e7e95a6abb99fcb34,e010ed09d4baf4ac5efe240fbdd22264e7caf3784e7fd56d689fc430610e13cc,0d3eb13046a372114ff88ccf4c3705c1d86a0f99f77e3dd055114c14340c20d3,cca76bcca221a0cf7cd70781753e0436c448732bbcbb5bbed24ce0005b1854a3,dd01cbfabdde65bb04c6469010f2a2b49ac68caebd73436eada0f99bc62081a7,0.183067512,0.194821307,0000
226,001a,0010,e3b0c44298fc1c149afbf4c8996fb92427ae41e4649b934ca495991b7852b855,e3b0c44298fc1c149afbf4c8996fb92427ae41e4649b934ca495991b7852b855,85b9054ea50936b3dc795dc42690398be7a22af7c20075ea060dba199daac5cb,943360a9a5818959e33aa851d0ac4831c347ca8ca4b98b4e7e95a6abb99fcb34,e010ed09d4baf4ac5efe240fbdd22264e7caf3784e7fd56d689fc430610e13cc,0d3eb13046a372114ff88ccf4c3705c1d86a0f99f77e3dd055114c14340c20d3,a645d2d02eaa6eef00f21f2353d1e689a01505bf2aa089359e263c2ac400febe,c547de97ac8b368dcc0dc0c8f87b9c433377862e1e4c7f17a474268ac8f0359b,0.183765495,0.195149106,0000
227,001a,0010,e3b0c44298fc1c149afbf4c8996fb92427ae41e4649b934ca495991b7852b855,e3b0c44298fc1c149afbf4c8996fb92427ae41e4649b934ca495991b7852b855,a7da6874fe8fec93264cf1821119d5b00fdfd0c6701b477b2989561434bbf422,943360a9a5818959e33aa851d0ac4831c347ca8ca4b98b4e7e95a6abb99fcb34,e010ed09d4baf4ac5efe240fbdd22264e7caf3784e7fd56d689fc430610e13cc,0d3eb13046a372114ff88ccf4c3705c1d86a0f99f77e3dd055114c14340c20d3,682613cfb27967affc9c3dd7e1aec44c9158a61833fc7e2fe0acc215c36ad218,5b941fef02145d74760120cb0ba42615bd39dc9e5c15906384e54a6898a06049,0.183843139,0.196226593,0000
228,001a,0010,e3b0c44298fc1c149afbf4c8996fb92427ae41e4649b934ca495991b7852b855,e3b0c44298fc1c149afbf4c8996fb92427ae41e4649b934ca495991b7852b855,baf177526ffd7562643f244163a45cea21308d33471464a7ad2c54cfb66ad8c9,943360a9a5818959e33aa851d0ac4831c347ca8ca4b98b4e7e95a6abb99fcb34,e010ed09d4baf4ac5efe240fbdd22264e7caf3784e7fd56d689fc430610e13cc,0d3eb13046a372114ff88ccf4c3705c1d86a0f99f77e3dd055114c14340c20d3,8e2dfa2b7bed37b4730cec4260b0c48ab32896ab56af43557bdea3fa3d42033e,29687460712be51491133a6c29595105abc62885ba93742f03d4b2dd256a779f,0.184053564,0.196046584,0000
229,001a,0010,e3b0c44298fc1c149afbf4c8996fb92427ae41e4649b934ca495991b7852b855,e3b0c44298fc1c149afbf4c8996fb92427ae41e4649b934ca495991b7852b855,88a4131546c271c4ed91fbe8b6c1684a152b7ddd896424ff130556afbf547daa,943360a9a5818959e33aa851d0ac4831c347ca8ca4b98b4e7e95a6abb99fcb34,e010ed09d4baf4ac5efe240fbdd22264e7caf3784e7fd56d689fc430610e13cc,0d3eb13046a372114ff88ccf4c3705c1d86a0f99f77e3dd055114c14340c20d3,6ed264ceed4a92aee94abd28f61cec0ce21ab16dff31e6f413a895054a4eb21b,ea753e4f7c7622833983e9fdad604544b0031952e0ba45204e24bb94592be5d0,0.184053876,0.194938788,0000
230,001a,0010,e3b0c44298fc1c149afbf4c8996fb92427ae41e4649b934ca495991b7852b855,e3b0c44298fc1c149afbf4c8996fb92427ae41e4649b934ca495991b7852b855,a311862b97c1fded0088347a5c416ff7bed64ba02f271247ec24d8622d11fb3e,943360a9a5818959e33aa851d0ac4831c347ca8ca4b98b4e7e95a6abb99fcb34,e010ed09d4baf4ac5efe240fbdd22264e7caf3784e7fd56d689fc430610e13cc,0d3eb13046a372114ff88ccf4c3705c1d86a0f99f77e3dd055114c14340c20d3,3e1b04453754a3f17f54d097782f821dbba18177f85c629ef45ef6c17faa26c3,eb80ca4987fa7a06b25d1da711cfa7749d5ce28ffcbe54bb5d6d18e3eaa194e3,0.186064528,0.194818347,0000
231,001a,0010,e3b0c44298fc1c149afbf4c8996fb92427ae41e4649b934ca495991b7852b855,e3b0c44298fc1c149afbf4c8996fb92427ae41e4649b934ca495991b7852b855,9e85e2406e0c9d251d45104783d812a4888b6020a2f210256ea5dca8f6a94792,943360a9a5818959e33aa851d0ac4831c347ca8ca4b98b4e7e95a6abb99fcb34,e010ed09d4baf4ac5efe240fbdd22264e7caf3784e7fd56d689fc430610e13cc,0d3eb13046a372114ff88ccf4c3705c1d86a0f99f77e3dd055114c14340c20d3,3cacc266c563d25684bed7952a6fe7d8fa33ddaf761ce82042f4aa5c1e2b3688,c0d27b7280b8fcf34750c518b097acc64a050985e1019935b9d47c6d449c5811,0.186074114,0.194947977,0000
232,001a,0010,e3b0c44298fc1c149afbf4c8996fb92427ae41e4649b934ca495991b7852b855,e3b0c44298fc1c149afbf4c8996fb92427ae41e4649b934ca495991b7852b855,d12f7e55373b72f0c8a8a7014a14b69e7e009702829c403ccb61298485b4e024,943360a9a5818959e33aa851d0ac4831c347ca8ca4b98b4e7e95a6abb99fcb34,e010ed09d4baf4ac5efe240fbdd22264e7caf3784e7fd56d689fc430610e13cc,0d3eb13046a372114ff88ccf4c3705c1d86a0f99f77e3dd055114c14340c20d3,ee6fd37fa26e95dd32c4ae48ff10fb6b94705f5daab6deb2670e8d21b9d7cc9d,36f6e4317c9cb28ef09075f9d6a421771d50f820b7fe261e4663366036b7ba19,0.183739077,0.196121975,0000
233,001a,0010,e3b0c44298fc1c149afbf4c8996fb92427ae41e4649b934ca495991b7852b855,e3b0c44298fc1c149afbf4c8996fb92427ae41e4649b934ca495991b7852b855,3a140a9d1b305c05d93c5c70db8eebdd3104a62ddf509cc23b838bbec64909eb,943360a9a5818959e33aa851d0ac4831c347ca8ca4b98b4e7e95a6abb99fcb34,e010ed09d4baf4ac5efe240fbdd22264e7caf3784e7fd56d689fc430610e13cc,0d3eb13046a372114ff88ccf4c3705c1d86a0f99f77e3dd055114c14340c20d3,b2c7a25877c840ef903e6dc66f4184c2af3e90d541e9c6adbdeb0abd284eb069,936d93c4bb9fe285f4fc70eaac62f33a0e7df456f428f21242fc4ba8250a58e5,0.183075571,0.196029391,0000
234,001a,0010,e3b0c44298fc1c149afbf4c8996fb92427ae41e4649b934ca495991b7852b855,e3b0c44298fc1c149afbf4c8996fb92427ae41e4649b934ca495991b7852b855,7bb454a8d7892f60c9e929cce20761a9e55cfaf7a6893e8f8f35231faa081e73,943360a9a5818959e33aa851d0ac4831c347ca8ca4b98b4e7e95a6abb99fcb34,e010ed09d4baf4ac5efe240fbdd22264e7caf3784e7fd56d689fc430610e13cc,0d3eb13046a372114ff88ccf4c3705c1d86a0f99f77e3dd055114c14340c20d3,3eca26aed4a4902f4e754deaba05d7db9da8e4019b535f3e1cc2af49a7cf37e6,b8d052e41a84efb8795f71fcd19430eeb858eefb43cc547e2fbc0182c296798b,0.183842043,0.194138655,0000
235,001a,0010,e3b0c44298fc1c149afbf4c8996fb92427ae41e4649b934ca495991b7852b855,e3b0c44298fc1c149afbf4c8996fb92427ae41e4649b934ca495991b7852b855,63cd3c007d4c95efbc775bc4654436e556da813e579ba53561abc022e2b99235,943360a9a5818959e33aa851d0ac4831c347ca8ca4b98b4e7e95a6abb99fcb34,e010ed09d4baf4ac5efe240fbdd22264e7caf3784e7fd56d689fc430610e13cc,0d3eb13046a372114ff88ccf4c3705c1d86a0f99f77e3dd055114c14340c20d3,921a149bc5111223a1428f7c15f540da8abf5a7d4d7db07216172b53eb1aa854,b2189e2ea7b5fd1326cae7a50effe9f2c5d8507d9867dab370a03981456c6306,0.183942369,0.195051896,0000
236,001a,0010,e3b0c44298fc1c149afbf4c8996fb92427ae41e4649b934ca495991b7852b855,e3b0c44298fc1c149afbf4c8996fb92427ae41e4649b934ca495991b7852b855,a6730d304c5e8d010ac3d8234311f0abbfaf018b3385292c623d16f713bd7d6e,943360a9a5818959e33aa851d0ac4831c347ca8ca4b98b4e7e95a6abb99fcb34,e010ed09d4baf4ac5efe240fbdd22264e7caf3784e7fd56d689fc430610e13cc,0d3eb13046a372114ff88ccf4c3705c1d86a0f99f77e3dd055114c14340c20d3,be605e46e50fa8b4d24fff9826ac0c10c377faade18012f63d2c9a304571a952,1428fe131e88c94d5a838a98c4cf43b6b50123b889ba1eabba5fd66c73800a0d,0.183949685,0.196147145,0000
237,001a,0010,e3b0c44298fc1c149afbf4c8996fb92427ae41e4649b934ca495991b7852b855,e3b0c44298fc1c149afbf4c8996fb92427ae41e4649b934ca495991b7852b855,cf8a1cce2503f2d18843cf292e7f9a8dd229ca67b8d01af6f2b449f6b7d8bc29,943360a9a5818959e33aa851d0ac4831c347ca8ca4b98b4e7e95a6abb99fcb34,e010ed09d4baf4ac5efe240fbdd22264e7caf3784e7fd56d689fc430610e13cc,0d3eb13046a372114ff88ccf4c3705c1d86a0f99f77e3dd055114c14340c20d3,e3f4597cef0e2f74071c8302fe9b65e2325334a5da9cc426a65d78f4562e38fc,c8db93ff2a891e489eaed3b5097a51d80f08274a7d3cbf1bb49d8c7851136a98,0.184014324,0.193975456,0000
238,001a,0010,e3b0c44298fc1c149afbf4c8996fb92427ae41e4649b934ca495991b7852b855,e3b0c44298fc1c149afbf4c8996fb92427ae41e4649b934ca495991b7852b855,0774dfb52424617e88d960a16488ac9e8a6564d048899731f93962d1eecb8d6e,943360a9a5818959e33aa851d0ac4831c347ca8ca4b98b4e7e95a6abb99fcb34,e010ed09d4baf4ac5efe240fbdd22264e7caf3784e7fd56d689fc430610e13cc,0d3eb13046a372114ff88ccf4c3705c1d86a0f99f77e3dd055114c14340c20d3,9145f7335aa9d78b5f1a4547a31b6f408e258076942d92210132dc32a81a391b,032f3b237a2c4cdf32a4272f9cb9ce33556b5ef26ffd5f9534ba3181cf6f3f9f,0.183734007,0.195044837,0000
239,001a,0010,e3b0c44298fc1c149afbf4c8996fb92427ae41e4649b934ca495991b7852b855,e3b0c44298fc1c149afbf4c8996fb92427ae41e4649b934ca495991b7852b855,a760c64f2ba5e3d26fc07dab49360c46251ab55d4dbc304e90f6b071a988f021,943360a9a5818959e33aa851d0ac4831c347ca8ca4b98b4e7e95a6abb99fcb34,e010ed09d4baf4ac5efe240fbdd22264e7caf3784e7fd56d689fc430610e13cc,0d3eb13046a372114ff88ccf4c3705c1d86a0f99f77e3dd055114c14340c20d3,24987d598f41805531105383af4410dfce8ba92177bad22b860cfeb653c72aef,a502673cc4cdb8c7891e6ff59d68d52a355bc1aeae4b582d20b3baacc6b2f8ac,0.183717032,0.194266478,0000
240,001a,0010,e3b0c44298fc1c149afbf4c8996fb92427ae41e4649b934ca495991b7852b855,e3b0c44298fc1c149afbf4c8996fb92427ae41e4649b934ca495991b7852b855,fe4890d74f1f1b3f42ab000a87a24666acbcbcdfc82d9a52a01ea4ce80a75a03,943360a9a5818959e33aa851d0ac4831c347ca8ca4b98b4e7e95a6abb99fcb34,e010ed09d4baf4ac5efe240fbdd22264e7caf3784e7fd56d689fc430610e13cc,0d3eb13046a372114ff88ccf4c3705c1d86a0f99f77e3dd055114c14340c20d3,56b2f6294cf486609de80dbd8d29bca0edcfdfc9ea7b261b256f381ecd8eca88,6c709fac372096b836b89ae7abc75936178967f88470a10a20116c79bfb75f71,0.184071717,0.196166659,0000
241,001a,0010,e3b0c44298fc1c149afbf4c8996fb92427ae41e4649b934ca495991b7852b855,e3b0c44298fc1c149afbf4c8996fb92427ae41e4649b934ca495991b7852b855,66d3a28dfb564532a7e2b06e34070b41f4b643a44add23f522ac870b20659415,943360a9a5818959e33aa851d0ac4831c347ca8ca4b98b4e7e95a6abb99fcb34,e010ed09d4baf4ac5efe240fbdd22264e7caf3784e7fd56d689fc430610e13cc,0d3eb13046a372114ff88ccf4c3705c1d86a0f99f77e3dd055114c14340c20d3,4cd472353648df4e16796774d7c9a0e44ef422c09c9fdc36ab1ab79fea7a9ddd,e40e508f2d0eed95a535337df0ad403eb58c107692b69a7314666379c392dd83,0.183068015,0.194799301,0000
242,001a,0010,e3b0c44298fc1c149afbf4c8996fb92427ae41e4649b934ca495991b7852b855,e3b0c44298fc1c149afbf4c8996fb92427ae41e4649b934ca495991b7852b855,1f50f34db1eed4dbedd3ea84f49f3f4a15ce5b60197346c47b39321cc87e9a0b,943360a9a5818959e33aa851d0ac4831c347ca8ca4b98b4e7e95a6abb99fcb34,e010ed09d4baf4ac5efe240fbdd22264e7caf3784e7fd56d689fc430610e13cc,0d3eb13046a372114ff88ccf4c3705c1d86a0f99f77e3dd055114c14340c20d3,f312653e36f46a0bd379ee11816795bc18f10572205eb555edd6e2b0997ebaf0,69c96810228826d21c1ab175734b8a6e80e38161835a04b797f772ce5203f7c9,0.183843947,0.195146100,0000
243,001a,0010,e3b0c44298fc1c149afbf4c8996fb92427ae41e4649b934ca495991b7852b855,e3b0c44298fc1c149afbf4c8996fb92427ae41e4649b934ca495991b7852b855,0e5e785029152cd914fb1f58e8723f684325100cd26a19b41c5fa3cd6a583a06,943360a9a5818959e33aa851d0ac4831c347ca8ca4b98b4e7e95a6abb99fcb34,e010ed09d4baf4ac5efe240fbdd22264e7caf3784e7fd56d689fc430610e13cc,0d3eb13046a372114ff88ccf4c3705c1d86a0f99f77e3dd055114c14340c20d3,a0842f80f65493aba0ba4d9be5057b7392850718116e0eb2c87a187b656b58f0,a6c230d664a52695727af87e77ed6d8558280e8eb562c0a55d6cbe41483c4495,0.183946500,0.196148889,0000
244,001a,0010,e3b0c44298fc1c149afbf4c8996fb92427ae41e4649b934ca495991b7852b855,e3b0c44298fc1c149afbf4c8996fb92427ae41e4649b934ca495991b7852b855,a9b1583e45d6b69b33004362fb1799ac074f5f35653b7321ce1132d89028893e,943360a9a5818959e33aa851d0ac4831c347ca8ca4b98b4e7e95a6abb99fcb34,e010ed09d4baf4ac5efe240fbdd22264e7caf3784e7fd56d689fc430610e13cc,0d3eb13046a372114ff88ccf4c3705c1d86a0f99f77e3dd055114c14340c20d3,a841aae5c366aa1760923ece1554a7def1d5f0ecc0b2a6438a04412f55be0bcf,a63658aab134a2060ac87860baf03c11907d16162b68af86ebb923825ef67d55,0.183947426,0.195047531,0000
245,001a,0010,e3b0c44298fc1c149afbf4c8996fb92427ae41e4649b934ca495991b7852b855,e3b0c44298fc1c149afbf4c8996fb92427ae41e4649b934ca495991b7852b855,9d012e50c77d06860786f74160ce5e69e1e4abb7508730d591938bd673a7dae0,943360a9a5818959e33aa851d0ac4831c347ca8ca4b98b4e7e95a6abb99fcb34,e010ed09d4baf4ac5efe240fbdd22264e7caf3784e7fd56d689fc430610e13cc,0d3eb13046a372114ff88ccf4c3705c1d86a0f99f77e3dd055114c14340c20d3,f7a41bdf84189e81929cbee0339546568796b63709e9587cedee869a17cd404a,5cd91500ed2615a38fda4390490ce8ee7e9715bd5040d5756582724066140d0e,0.183865545,0.195043770,0000
246,001a,0010,e3b0c44298fc1c149afbf4c8996fb92427ae41e4649b934ca495991b7852b855,e3b0c44298fc1c149afbf4c8996fb92427ae41e4649b934ca495991b7852b855,473315f180cb43b3cdfcb5036bf6ae70b36748d2cdae73961ed4362ad6e5a02a,943360a9a5818959e33aa851d0ac4831c347ca8ca4b98b4e7e95a6abb99fcb34,e010ed09d4baf4ac5efe240fbdd22264e7caf3784e7fd56d689fc430610e13cc,0d3eb13046a372114ff88ccf4c3705c1d86a0f99f77e3dd055114c14340c20d3,0e7bf1e5a291a6295ab4d97ec083456f9acc98d56aa506cfe85b53ed10f9aa31,c03ea053682c89a33aeadd83c2dfcaf66cc310a9b018086f16424e5df444a7bd,0.184052283,0.196024484,0000
247,001a,0010,e3b0c44298fc1c149afbf4c8996fb92427ae41e4649b934ca495991b7852b855,e3b0c44298fc1c149afbf4c8996fb92427ae41e4649b934ca495991b7852b855,dafdc1c88df3b4eeb8f9269fd2ebc164c9659bf80c6fbebbce40047c1536759a,943360a9a5818959e33aa851d0ac4831c347ca8ca4b98b4e7e95a6abb99fcb34,e010ed09d4baf4ac5efe240fbdd22264e7caf3784e7fd56d689fc430610e13cc,0d3eb13046a372114ff88ccf4c3705c1d86a0f99f77e3dd055114c14340c20d3,5b34131eb61a15a04311742a950371a68f9ff00ade082d0043e0c1d185260b7e,ab036f57adb3448935af88ba6ccbce6c2dcd971cf21c2eaf96e3ae2db1c2ebf9,0.186051969,0.194941247,0000
248,001a,0010,e3b0c44298fc1c149afbf4c8996fb92427ae41e4649b934ca495991b7852b855,e3b0c44298fc1c149afbf4c8996fb92427ae41e4649b934ca495991b7852b855,c28c231d82f65badb5b6da589dafb310862ee78bffe7092b59cf6549f05fd05b,943360a9a5818959e33aa851d0ac4831c347ca8ca4b98b4e7e95a6abb99fcb34,e010ed09d4baf4ac5efe240fbdd22264e7caf3784e7fd56d689fc430610e13cc,0d3eb13046a372114ff88ccf4c3705c1d86a0f99f77e3dd055114c14340c20d3,9d834bc2d14a50964d1eb7c031d994e1fe1d29c34cc107c33fcc075dd7ee1780,7620e19ca6619c855ecad9034890f9a601d99aae72ea022bcd3dc82cb3e89c70,0.183826432,0.194938898,0000
249,001a,0010,e3b0c44298fc1c149afbf4c8996fb92427ae41e4649b934ca495991b7852b855,e3b0c44298fc1c149afbf4c8996fb92427ae41e4649b934ca495991b7852b855,40e056c3b2387bba035ffdc97b31833c38f8e63f34f5c795200b0eaf985db470,943360a9a5818959e33aa851d0ac4831c347ca8ca4b98b4e7e95a6abb99fcb34,e010ed09d4baf4ac5efe240fbdd22264e7caf3784e7fd56d689fc430610e13cc,0d3eb13046a372114ff88ccf4c3705c1d86a0f99f77e3dd055114c14340c20d3,0f75545b1df17f34e2eaf6ecd6de7c4d069ab028fa094a401f4a04f451d78ef7,a2fc8f1835cd48af3310de84bd4a4ca8af7429518fc2d0e7b2bf0540f5183d7b,0.183721401,0.196266108,0000
250,001a,0010,e3b0c44298fc1c149afbf4c8996fb92427ae41e4649b934ca495991b7852b855,e3b0c44298fc1c149afbf4c8996fb92427ae41e4649b934ca495991b7852b855,fa1df569a2faee958525b13481242e95b7b9958062a60e710b96815ec712106a,943360a9a5818959e33aa851d0ac4831c347ca8ca4b98b4e7e95a6abb99fcb34,e010ed09d4baf4ac5efe240fbdd22264e7caf3784e7fd56d689fc430610e13cc,0d3eb13046a372114ff88ccf4c3705c1d86a0f99f77e3dd055114c14340c20d3,8b55c97f32cb328a4ad80024af57369fa8eb84862777cf20da234dfa56c0553a,5af59afb7260343584e8bdcd18c9332041b3df4f73b8c1816634e3c0de35cbae,0.184049459,0.196167572,0000
251,001a,0010,e3b0c44298fc1c149afbf4c8996fb92427ae41e4649b934ca495991b7852b855,e3b0c44298fc1c149afbf4c8996fb92427ae41e4649b934ca495991b7852b855,fa8f10fc174f09a1d527de6994bb314727aa7c447ff5c78b91d36f279d8a70b3,943360a9a5818959e33aa851d0ac4831c347ca8ca4b98b4e7e95a6abb99fcb34,e010ed09d4baf4ac5efe240fbdd22264e7caf3784e7fd56d689fc430610e13cc,0d3eb13046a372114ff88ccf4c3705c1d86a0f99f77e3dd055114c14340c20d3,1ee2445006ef64360195514e2a2bc901da45309fb609142f6d29c423990ffa5d,580cbbe314950b0638ef2ce4f14ae7e9d106237157b431f30789365a3bff896c,0.182947220,0.194042899,0000
252,001a,0010,e3b0c44298fc1c149afbf4c8996fb92427ae41e4649b934ca495991b7852b855,e3b0c44298fc1c149afbf4c8996fb92427ae41e4649b934ca495991b7852b855,e0dcd80b4fed799b47c3e083c67afafe729772136100048c7dd0d3a986fb2eab,943360a9a5818959e33aa851d0ac4831c347ca8ca4b98b4e7e95a6abb99fcb34,e010ed09d4baf4ac5efe240fbdd22264e7caf3784e7fd56d689fc430610e13cc,0d3eb13046a372114ff88ccf4c3705c1d86a0f99f77e3dd055114c14340c20d3,eba522fb70cc677871f646ed401273496db36087ccb88a1dec99f316f1e4a792,a7cecc0c5a2680e070ccb289173fc494d3a7e3a6c6a797e004f73e24b1bb696f,0.183844323,0.194044295,0000
253,001a,0010,e3b0c44298fc1c149afbf4c8996fb92427ae41e4649b934ca495991b7852b855,e3b0c44298fc1c149afbf4c8996fb92427ae41e4649b934ca495991b7852b855,3b10d3ba2f7d9aaf06ff6118ef22e40dd93f308a82102b9a82c5a948913cc72c,943360a9a5818959e33aa851d0ac4831c347ca8ca4b98b4e7e95a6abb99fcb34,e010ed09d4baf4ac5efe240fbdd22264e7caf3784e7fd56d689fc430610e13cc,0d3eb13046a372114ff88ccf4c3705c1d86a0f99f77e3dd055114c14340c20d3,8bcbe421945ac7aa8b386df10e219e5eb75d00a8b1fd0f84523ddd4e5fed14a7,e49e50da379e6fc25e831ff7961abe2a9394b85544869aa20c33f9fbc1dd0582,0.184047467,0.196045457,0000
254,001a,0010,e3b0c44298fc1c149afbf4c8996fb92427ae41e4649b934ca495991b7852b855,e3b0c44298fc1c149afbf4c8996fb92427ae41e4649b934ca495991b7852b855,bba8caec6f4e0d891f3d4d1a8667da65f6405f6d10361b03023ff0f3a3711c00,943360a9a5818959e33aa851d0ac4831c347ca8ca4b98b4e7e95a6abb99fcb34,e010ed09d4baf4ac5efe240fbdd22264e7caf3784e7fd56d689fc430610e13cc,0d3eb13046a372114ff88ccf4c3705c1d86a0f99f77e3dd055114c14340c20d3,5df472ed3c72fb17ea3b547b613b038fc7de1ff71d23b6edd7e0b1046532a4e4,8dc1d4f7301213dca5458a1abc63f7bb0dcea0b2472e8bdeafc49f8f0efeee79,0.183837797,0.194052290,0000
255,001a,0010,e3b0c44298fc1c149afbf4c8996fb92427ae41e4649b934ca495991b7852b855,e3b0c44298fc1c149afbf4c8996fb92427ae41e4649b934ca495991b7852b855,c52582b5f8cc0d9579021f85f6968ccfef6788c2a252d2cb816e97e0a64fbbee,943360a9a5818959e33aa851d0ac4831c347ca8ca4b98b4e7e95a6abb99fcb34,e010ed09d4baf4ac5efe240fbdd22264e7caf3784e7fd56d689fc430610e13cc,0d3eb13046a372114ff88ccf4c3705c1d86a0f99f77e3dd055114c14340c20d3,fc6b41af6ab256bee2a4e267e3fccd5feb213b61d74197aee6c60c61723c7837,dc8c41be78bbd875c783db10c21e56cb0b86d97ce0b70a0e053a1f317eaf87ff,0.185981301,0.196045088,0000
256,001a,0010,e3b0c44298fc1c149afbf4c8996fb92427ae41e4649b934ca495991b7852b855,e3b0c44298fc1c149afbf4c8996fb92427ae41e4649b934ca495991b7852b855,275a33de99e7c3ecb7f9c8e73ae465ceb004b2f2f467f598319de58c80779ee6,943360a9a5818959e33aa851d0ac4831c347ca8ca4b98b4e7e95a6abb99fcb34,e010ed09d4baf4ac5efe240fbdd22264e7caf3784e7fd56d689fc430610e13cc,0d3eb13046a372114ff88ccf4c3705c1d86a0f99f77e3dd055114c14340c20d3,533fe2927d3618f463a8138fd63160b1d08bc22e3e9dd4206d79272b8f5c4834,f0b0f267f3f0f752eeabdb6413dd831c1159a140dadb53bb334f1ea830d8fa9e,0.183838436,0.195119219,0000
257,001a,0010,e3b0c44298fc1c149afbf4c8996fb92427ae41e4649b934ca495991b7852b855,e3b0c44298fc1c149afbf4c8996fb92427ae41e4649b934ca495991b7852b855,02ff84e450ee25ba5bdfe49ce40df28d1dfc9bc9571c5fa75f15990e5fde3be7,943360a9a5818959e33aa851d0ac4831c347ca8ca4b98b4e7e95a6abb99fcb34,e010ed09d4baf4ac5efe240fbdd22264e7caf3784e7fd56d689fc430610e13cc,0d3eb13046a372114ff88ccf4c3705c1d86a0f99f77e3dd055114c14340c20d3,369e186e394f3a8de131d5fa460be216671c2203ce4da1f4108ed9ac81aa483a,324512e546ede603516a7ca099419cdcd611c36e28fd79895666ea69a8bb1d4a,0.184072919,0.195046677,0000
258,001a,0010,e3b0c44298fc1c149afbf4c8996fb92427ae41e4649b934ca495991b7852b855,e3b0c44298fc1c149afbf4c8996fb92427ae41e4649b934ca495991b7852b855,84acbcbd476ff9453158f33ba7027c1122ef291d382a29b2eb9305baeb02dcd3,943360a9a5818959e33aa851d0ac4831c347ca8ca4b98b4e7e95a6abb99fcb34,e010ed09d4baf4ac5efe240fbdd22264e7caf3784e7fd56d689fc430610e13cc,0d3eb13046a372114ff88ccf4c3705c1d86a0f99f77e3dd055114c14340c20d3,f40fae3002be7ffbd54df4458fe735e9ff0ab327eb94d90576b4b0028b5fad8d,5e615c330c6ada5005fe04ddaac2752816f56e9a4ec678e6d0a9c2c5fa0fc4ec,0.183970802,0.194921120,0000
259,001a,0010,e3b0c44298fc1c149afbf4c8996fb92427ae41e4649b934ca495991b7852b855,e3b0c44298fc1c149afbf4c8996fb92427ae41e4649b934ca495991b7852b855,5ebd89e75dff67a1b1b8e6adeff08dbfbb4076d7b33c2cb4e0ce7767bb94bb0f,943360a9a5818959e33aa851d0ac4831c347ca8ca4b98b4e7e95a6abb99fcb34,e010ed09d4baf4ac5efe240fbdd22264e7caf3784e7fd56d689fc430610e13cc,0d3eb13046a372114ff88ccf4c3705c1d86a0f99f77e3dd055114c14340c20d3,a5eb7b39dd1bcb7e17659c30e0a69b0c88641caa52041a7e0becc963ee50e021,7afdf267d00cd6ca3c82cf21298babd0410582c701f15af10455251ba1f525c5,0.183969610,0.196124483,0000
260,001a,0010,e3b0c44298fc1c149afbf4c8996fb92427ae41e4649b934ca495991b7852b855,e3b0c44298fc1c149afbf4c8996fb92427ae41e4649b934ca495991b7852b855,368c857d7a36008da1eb9e3e9f6be5dfdd385a86c96bb7e71adc3f268d53032b,943360a9a5818959e33aa851d0ac4831c347ca8ca4b98b4e7e95a6abb99fcb34,e010ed09d4baf4ac5efe240fbdd22264e7caf3784e7fd56d689fc430610e13cc,0d3eb13046a372114ff88ccf4c3705c1d86a0f99f77e3dd055114c14340c20d3,f683201522c7b883a1d714979170616b8670bbc77fa266e53da7ed9df1fac995,d54338bf2463239f04a7a2022da80bc07ca512e9bda66c01215359abeb05c112,0.183875595,0.195024670,0000
261,001a,0010,e3b0c44298fc1c149afbf4c8996fb92427ae41e4649b934ca495991b7852b855,e3b0c44298fc1c149afbf4c8996fb92427ae41e4649b934ca495991b7852b855,35d1a51d80080012eb76ba2c9d7949c91a56e1550dcc85d3f44249c29ea3e5a8,943360a9a5818959e33aa851d0ac4831c347ca8ca4b98b4e7e95a6abb99fcb34,e010ed09d4baf4ac5efe240fbdd22264e7caf3784e7fd56d689fc430610e13cc,0d3eb13046a372114ff88ccf4c3705c1d86a0f99f77e3dd055114c14340c20d3,b2254943dc1b4f1e214f718c3edc51f5138cffc6108bf33502772f7d71f603df,a54e306d36b28da8e78620b29c889ff93ee30c558a5477ded473d2fa1fbcf37a,0.183849398,0.196117853,0000
262,001a,0010,e3b0c44298fc1c149afbf4c8996fb92427ae41e4649b934ca495991b7852b855,e3b0c44298fc1c149afbf4c8996fb92427ae41e4649b934ca495991b7852b855,519630ba063b0d3736b6846bd6234a0baca581ff481ab35470606d9fb76cca91,943360a9a5818959e33aa851d0ac4831c347ca8ca4b98b4e7e95a6abb99fcb34,e010ed09d4baf4ac5efe240fbdd22264e7caf3784e7fd56d689fc430610e13cc,0d3eb13046a372114ff88ccf4c3705c1d86a0f99f77e3dd055114c14340c20d3,0e993d98ffc2f7050dfe3b09bdce07d2e07b8eb7f0a6bd387763e0c0fc756a6b,91df3e5f8ae209066714716ddf31bc4cf7debb63c0a6f1e794e3f1b746596905,0.183827007,0.195037058,0000
263,001a,0010,e3b0c44298fc1c149afbf4c8996fb92427ae41e4649b934ca495991b7852b855,e3b0c44298fc1c149afbf4c8996fb92427ae41e4649b934ca495991b7852b855,98d757c0b0c0d76473c180e61b326156e36ee6ea2d5207684bc1bbad53f91b51,943360a9a5818959e33aa851d0ac4831c347ca8ca4b98b4e7e95a6abb99fcb34,e010ed09d4baf4ac5efe240fbdd22264e7caf3784e7fd56d689fc430610e13cc,0d3eb13046a372114ff88ccf4c3705c1d86a0f99f77e3dd055114c14340c20d3,1375a3eb98f0f6c58a451016a65868266b98668d046df7c39b1961b2bb5f8426,1de5afacdb5c10c90cdbd4d20d356e148e182be11645bdde4f860006b96a89ac,0.183869739,0.196269198,0000
264,001a,0010,e3b0c44298fc1c149afbf4c8996fb92427ae41e4649b934ca495991b7852b855,e3b0c44298fc1c149afbf4c8996fb92427ae41e4649b934ca495991b7852b855,163a4c2710b0c3df2c186099e08f233baa092614701d1910872dcdf305f477bf,943360a9a5818959e33aa851d0ac4831c347ca8ca4b98b4e7e95a6abb99fcb34,e010ed09d4baf4ac5efe240fbdd22264e7caf3784e7fd56d689fc430610e13cc,0d3eb13046a372114ff88ccf4c3705c1d86a0f99f77e3dd055114c14340c20d3,b2d69434ec10ec32b178d5a1a2eae8bc4800be8ad6d7bfc04948d5bf29498ddf,d9d4b8f1b91d99ad0f5a12ddec2fcdb63a1e0392b19b6b9ae9ac7a0733d5b2e9,0.186049335,0.194915939,0000
265,001a,0010,e3b0c44298fc1c149afbf4c8996fb92427ae41e4649b934ca495991b7852b855,e3b0c44298fc1c149afbf4c8996fb92427ae41e4649b934ca495991b7852b855,c8feaa99e95a91628bb1346b867dbf9bc644bf69a05439be867724a58be99af6,943360a9a5818959e33aa851d0ac4831c347ca8ca4b98b4e7e95a6abb99fcb34,e010ed09d4baf4ac5efe240fbdd22264e7caf3784e7fd56d689fc430610e13cc,0d3eb13046a372114ff88ccf4c3705c1d86a0f99f77e3dd055114c14340c20d3,3221e973fa2e8332e5d02d8c26572a4b5e1113afd414d23a2c6fcb673c1b0d3b,55622080bc25c30c042ccf7ec510c494479251fd6628e06da6d31e6eb1f0f08e,0.184048053,0.196047330,0000
266,001a,0010,e3b0c44298fc1c149afbf4c8996fb92427ae41e4649b934ca495991b7852b855,e3b0c44298fc1c149afbf4c8996fb92427ae41e4649b934ca495991b7852b855,20c80c20a93c7c9fad3d2fc8d842e534ba6ea7a9d2c28fd23367f7c5eca217f0,943360a9a5818959e33aa851d0ac4831c347ca8ca4b98b4e7e95a6abb99fcb34,e010ed09d4baf4ac5efe240fbdd22264e7caf3784e7fd56d689fc430610e13cc,0d3eb13046a372114ff88ccf4c3705c1d86a0f99f77e3dd055114c14340c20d3,952170f2d91f7b9c808caff352b0499190b84b051fec1db3131976b6f051500f,c1b27e72c886110600e2395865858ffa50634f1af661b3d6548564e113ec5c9c,0.184048013,0.194943461,0000
267,001a,0010,e3b0c44298fc1c149afbf4c8996fb92427ae41e4649b934ca495991b7852b855,e3b0c44298fc1c149afbf4c8996fb92427ae41e4649b934ca495991b7852b855,6511ce025aadec618efc7eeb4b03fafa186021a059f23141c973d6a64b501a14,943360a9a5818959e33aa851d0ac4831c347ca8ca4b98b4e7e95a6abb99fcb34,e010ed09d4baf4ac5efe240fbdd22264e7caf3784e7fd56d689fc430610e13cc,0d3eb13046a372114ff88ccf4c3705c1d86a0f99f77e3dd055114c14340c20d3,a7c50470c1666783f87debf0500f310062e22feb0259c67fd365513da69fa6a8,bca18645d4b1bc43f6e8159b21eb4d7399f787434a475eaae321c47c178705a7,0.183967542,0.195043731,0000
268,001a,0010,e3b0c44298fc1c149afbf4c8996fb92427ae41e4649b934ca495991b7852b855,e3b0c44298fc1c149afbf4c8996fb92427ae41e4649b934ca495991b7852b855,033c1957597a63c94c80647cb0aa2965e5b823484667a1639b8aa7866c8446aa,943360a9a5818959e33aa851d0ac4831c347ca8ca4b98b4e7e95a6abb99fcb34,e010ed09d4baf4ac5efe240fbdd22264e7caf3784e7fd56d689fc430610e13cc,0d3eb13046a372114ff88ccf4c3705c1d86a0f99f77e3dd055114c14340c20d3,fd7206399d9ffa19cda5519a02460f3822dfde0863cc3297b9bdac2786da7b3f,6e4b15006e683124927e9b70baa33b8a34c66219e0d063ae407f6a200d00a42d,0.184069656,0.194803485,0000
269,001a,0010,e3b0c44298fc1c149afbf4c8996fb92427ae41e4649b934ca495991b7852b855,e3b0c44298fc1c149afbf4c8996fb92427ae41e4649b934ca495991b7852b855,5b5465e4b5d637723c3d7698f1961def81096dfeabb68a9aabbb1ba0ca052c65,943360a9a5818959e33aa851d0ac4831c347ca8ca4b98b4e7e95a6abb99fcb34,e010ed09d4baf4ac5efe240fbdd22264e7caf3784e7fd56d689fc430610e13cc,0d3eb13046a372114ff88ccf4c3705c1d86a0f99f77e3dd055114c14340c20d3,d9c18ce1ba7f187b71e08f53fe52e3b03c40363f3ca1ca153afa7084c90db459,acdf66ae22e496d7f457141729cc6106d394fecf26d589b8f4e74f0dcf0fe6cb,0.183944644,0.195146606,0000
270,001a,0010,e3b0c44298fc1c149afbf4c8996fb92427ae41e4649b934ca495991b7852b855,e3b0c44298fc1c149afbf4c8996fb92427ae41e4649b934ca495991b7852b855,1cc51663d21deda9da3539a1816c40b43b8c6e87d16a8648e00db5d032d285d0,943360a9a5818959e33aa851d0ac4831c347ca8ca4b98b4e7e95a6abb99fcb34,e010ed09d4baf4ac5efe240fbdd22264e7caf3784e7fd56d689fc430610e13cc,0d3eb13046a372114ff88ccf4c3705c1d86a0f99f77e3dd055114c14340c20d3,924b0f34717146fa85410e16a92a3219032b84c7301fbd8fec2e7c6c2e7c9bc7,d25b467df3940a47e708e37c9262f77184a881618e9ab753b78a873f4308ee97,0.186058922,0.194832831,0000
271,001a,0010,e3b0c44298fc1c149afbf4c8996fb92427ae41e4649b934ca495991b7852b855,e3b0c44298fc1c149afbf4c8996fb92427ae41e4649b934ca495991b7852b855,1c645778b097269a2b3c56117f8c6239c4849ab56d1b84e6c7f4dbf719dda5cc,943360a9a5818959e33aa851d0ac4831c347ca8ca4b98b4e7e95a6abb99fcb34,e010ed09d4baf4ac5efe240fbdd22264e7caf3784e7fd56d689fc430610e13cc,0d3eb13046a372114ff88ccf4c3705c1d86a0f99f77e3dd055114c14340c20d3,5ca285bacbca8bfbca376aec1d96fb66e332084a2a7c464957ba4048309975ed,94c4e9b1e25dc70fd6617e87a12260f45e8d57895ce285dd8530dba52ea60dd3,0.183946139,0.196045815,0000
272,001a,0010,e3b0c44298fc1c149afbf4c8996fb92427ae41e4649b934ca495991b7852b855,e3b0c44298fc1c149afbf4c8996fb92427ae41e4649b934ca495991b7852b855,c967a10af76587305e1d1a8f1189d70568f0ccebab8348397de446b9b7dd47f7,943360a9a5818959e33aa851d0ac4831c347ca8ca4b98b4e7e95a6abb99fcb34,e010ed09d4baf4ac5efe240fbdd22264e7caf3784e7fd56d689fc430610e13cc,0d3eb13046a372114ff88ccf4c3705c1d86a0f99f77e3dd055114c14340c20d3,352de47b31cd4fc92559c35ba034bc02889e1234ee35819938c154ccfc4cd6c2,c4c58c340503ba5112d6e208aa12ef407bb284968e6a794f488d04855a60cf9f,0.183834973,0.195156746,0000
273,001a,0010,e3b0c44298fc1c149afbf4c8996fb92427ae41e4649b934ca495991b7852b855,e3b0c44298fc1c149afbf4c8996fb92427ae41e4649b934ca495991b7852b855,b67c6a773f03e9bdd3a6c82d433d4e69b7f7b2b74a1c2a84cc7252a5c91b1824,943360a9a5818959e33aa851d0ac4831c347ca8ca4b98b4e7e95a6abb99fcb34,e010ed09d4baf4ac5efe240fbdd22264e7caf3784e7fd56d689fc430610e13cc,0d3eb13046a372114ff88ccf4c3705c1d86a0f99f77e3dd055114c14340c20d3,a87a7c7f58b2ea1b81f121f225559240ce810665dc8a5922be49f49345e07d5c,5d8e6ff3faf3067f78462d1316a03a7c6b1bb6aeb2ad203cfda71b6d44150eb6,0.186996903,0.195074463,0000
274,001a,0010,e3b0c44298fc1c149afbf4c8996fb92427ae41e4649b934ca495991b7852b855,e3b0c44298fc1c149afbf4c8996fb92427ae41e4649b934ca495991b7852b855,4962c84ecb9c87fc008a270ccfe0f8438dedfeac3485bbde3f2ad333e91f8690,943360a9a5818959e33aa851d0ac4831c347ca8ca4b98b4e7e95a6abb99fcb34,e010ed09d4baf4ac5efe240fbdd22264e7caf3784e7fd56d689fc430610e13cc,0d3eb13046a372114ff88ccf4c3705c1d86a0f99f77e3dd055114c14340c20d3,db36616fe927c765fbbfd3ec96c1c50493fc0e8f614a807a6f5b401af81a35fd,f7630930628ae4a55627d5cb1b03e5ae92b93a1906bd5fdb0613a410b886eb1e,0.183933580,0.195983460,0000
275,001a,0010,e3b0c44298fc1c149afbf4c8996fb92427ae41e4649b934ca495991b7852b855,e3b0c44298fc1c149afbf4c8996fb92427ae41e4649b934ca495991b7852b855,671e905500981b377b2c83d60219b8ef7f0a84d276d9dfc552e9ffc3d5798bf9,943360a9a5818959e33aa851d0ac4831c347ca8ca4b98b4e7e95a6abb99fcb34,e010ed09d4baf4ac5efe240fbdd22264e7caf3784e7fd56d689fc430610e13cc,0d3eb13046a372114ff88ccf4c3705c1d86a0f99f77e3dd055114c14340c20d3,8389b89c49bf855098808e7a0965d06f654e5c34ac79a3c1c98093b19882984f,558aaddfd0243d5c2b12834dd13cb78feb1fcc924a8205e06cfef222be5eac8f,0.183840696,0.195147414,0000
276,001a,0010,e3b0c44298fc1c149afbf4c8996fb92427ae41e4649b934ca495991b7852b855,e3b0c44298fc1c149afbf4c8996fb92427ae41e4649b934ca495991b7852b855,4a67b2d423ff6ee73291cc663a152e9fbd43e56fa7816417159c6eaa90e0fd96,943360a9a5818959e33aa851d0ac4831c347ca8ca4b98b4e7e95a6abb99fcb34,e010ed09d4baf4ac5efe240fbdd22264e7caf3784e7fd56d689fc430610e13cc,0d3eb13046a372114ff88ccf4c3705c1d86a0f99f77e3dd055114c14340c20d3,624b2a0b1df2bc7d3029953aaf00835ac2fba756f1e982465b104d20ffea0727,ded84a68ecd7f83059e2b13a6c4a94137efceb1bdf67af4ae51176cfb21af0fb,0.186909592,0.196186263,0000
277,001a,0010,e3b0c44298fc1c149afbf4c8996fb92427ae41e4649b934ca495991b7852b855,e3b0c44298fc1c149afbf4c8996fb92427ae41e4649b934ca495991b7852b855,5056ff667fe383f15eea507a020d3d66365b27a61bf4220840cf47abf5aa01de,943360a9a5818959e33aa851d0ac4831c347ca8ca4b98b4e7e95a6abb99fcb34,e010ed09d4baf4ac5efe240fbdd22264e7caf3784e7fd56d689fc430610e13cc,0d3eb13046a372114ff88ccf4c3705c1d86a0f99f77e3dd055114c14340c20d3,06d402d7a205d84d44ae8a27798730a26816b5f9f6964cd8098c9d039ba7d28c,d7d3847cd05b60b77de87bc2f1468e5df57c82dd49193915fd29a608d51f7121,0.183949284,0.195044499,0000
278,001a,0010,e3b0c44298fc1c149afbf4c8996fb92427ae41e4649b934ca495991b7852b855,e3b0c44298fc1c149afbf4c8996fb92427ae41e4649b934ca495991b7852b855,d3c71346180742264285e0e0eff9f6e838879112e85c19ba8190761362ff7c10,943360a9a5818959e33aa851d0ac4831c347ca8ca4b98b4e7e95a6abb99fcb34,e010ed09d4baf4ac5efe240fbdd22264e7caf3784e7fd56d689fc430610e13cc,0d3eb13046a372114ff88ccf4c3705c1d86a0f99f77e3dd055114c14340c20d3,d0dd76507477dc7527ad97711308bb68bc94a0943528f5cb98531ca2bd808d7e,398b0f882cc7ed2116bd7438b6b89be4db7f4b4fe004893c90833ca34a3ef007,0.183946434,0.195043994,0000
279,001a,0010,e3b0c44298fc1c149afbf4c8996fb92427ae41e4649b934ca495991b7852b855,e3b0c44298fc1c149afbf4c8996fb92427ae41e4649b934ca495991b7852b855,d5a5a8bb311cacb9ca036c0dc7d491488e9645818864eece70b4d1907bcabe7d,943360a9a5818959e33aa851d0ac4831c347ca8ca4b98b4e7e95a6abb99fcb34,e010ed09d4baf4ac5efe240fbdd22264e7caf3784e7fd56d689fc430610e13cc,0d3eb13046a372114ff88ccf4c3705c1d86a0f99f77e3dd055114c14340c20d3,338a6cd656100e8fa1c1e629b1f53e8b8dc439110af181b1517e3f0e7696ea9a,694f54b9e6001af6091b5c8ba5a891f7f7166c4aa4232c3c8a1e7271888dd8a6,0.183841959,0.195048319,0000
280,001a,0010,e3b0c44298fc1c149afbf4c8996fb92427ae41e4649b934ca495991b7852b855,e3b0c44298fc1c149afbf4c8996fb92427ae41e4649b934ca495991b7852b855,d90bf2ca64d2e89b6e4d970687960368e3640cb3d27d66e8e9f41703539e41c3,943360a9a5818959e33aa851d0ac4831c347ca8ca4b98b4e7e95a6abb99fcb34,e010ed09d4baf4ac5efe240fbdd22264e7caf3784e7fd56d689fc430610e13cc,0d3eb13046a372114ff88ccf4c3705c1d86a0f99f77e3dd055114c14340c20d3,0a6db602908f2f1ee8212af503f803f6167a9b37d98455f74a3e5fc90f8bb881,35c3550ee3dd1d6650892cd1daaefb8d81efc79b50429d54dcb02138d22914a2,0.183854989,0.195169810,0000
281,001a,0010,e3b0c44298fc1c149afbf4c8996fb92427ae41e4649b934ca495991b7852b855,e3b0c44298fc1c149afbf4c8996fb92427ae41e4649b934ca495991b7852b855,4c2c7fcc86000bb46ecd489331d39b4385d611bf379331e9f63ca840afdcd672,943360a9a5818959e33aa851d0ac4831c347ca8ca4b98b4e7e95a6abb99fcb34,e010ed09d4baf4ac5efe240fbdd22264e7caf3784e7fd56d689fc430610e13cc,0d3eb13046a372114ff88ccf4c3705c1d86a0f99f77e3dd055114c14340c20d3,2ff3fca46fa8667a37b82a551ae99f7dd1d2130b4e4bbcc92aaa7f6b2e73d86b,0bd1b16b918b2dd751f02c4bbca353b2a66363b7af5a7fdb18d0e5503f522f79,0.186042506,0.196045752,0000
282,001a,0010,e3b0c44298fc1c149afbf4c8996fb92427ae41e4649b934ca495991b7852b855,e3b0c44298fc1c149afbf4c8996fb92427ae41e4649b934ca495991b7852b855,d8f6c2ef9bf48770d119a76e90b19880fd218adfc13ba7615fd190595315f77d,943360a9a5818959e33aa851d0ac4831c347ca8ca4b98b4e7e95a6abb99fcb34,e010ed09d4baf4ac5efe240fbdd22264e7caf3784e7fd56d689fc430610e13cc,0d3eb13046a372114ff88ccf4c3705c1d86a0f99f77e3dd055114c14340c20d3,f5dc18ea6f415ccb8af0fb512b36b82eb8d87001edbd16626d10fcec54380a3b,ce48909cd10f7215faa73f9bce91aba9b79407c5c0390d28aaf99dc7c5589083,0.183941609,0.195024031,0000
283,001a,0010,e3b0c44298fc1c149afbf4c8996fb92427ae41e4649b934ca495991b7852b855,e3b0c44298fc1c149afbf4c8996fb92427ae41e4649b934ca495991b7852b855,b24c8a8a58b439b8f7a347db2adf0b6085e63e3194746584521a733d2cc3e2fd,943360a9a5818959e33aa851d0ac4831c347ca8ca4b98b4e7e95a6abb99fcb34,e010ed09d4baf4ac5efe240fbdd22264e7caf3784e7fd56d689fc430610e13cc,0d3eb13046a372114ff88ccf4c3705c1d86a0f99f77e3dd055114c14340c20d3,788027365b25779ffec84325855e2dec2465221c5398d62d4007d7892b1365ea,96a1eb48a7346c2a525f3e93366cda438ca8dba738be0a86c94ba7da72f0182e,0.184169838,0.194821719,0000
284,001a,0010,e3b0c44298fc1c149afbf4c8996fb92427ae41e4649b934ca495991b7852b855,e3b0c44298fc1c149afbf4c8996fb92427ae41e4649b934ca495991b7852b855,3fb0323093e75aceda4a1c9677d37bbf086dfc9b102f9eff3386fb49255e2505,943360a9a5818959e33aa851d0ac4831c347ca8ca4b98b4e7e95a6abb99fcb34,e010ed09d4baf4ac5efe240fbdd22264e7caf3784e7fd56d689fc430610e13cc,0d3eb13046a372114ff88ccf4c3705c1d86a0f99f77e3dd055114c14340c20d3,0fb6e9b1cd9e2ba3e694eb30082fe43f5419727f90741ae2e3ee2770115aea96,d2d0178b5dc3bef0d36acfb498eb5d59d6336b95c404a83a17b3220cd5ee6c96,0.183841740,0.194045420,0000
285,001a,0010,e3b0c44298fc1c149afbf4c8996fb92427ae41e4649b934ca495991b7852b855,e3b0c44298fc1c149afbf4c8996fb92427ae41e4649b934ca495991b7852b855,9290a28e3557627dfd594a86069a04692d61a0ef0c286be06c44f869a99098dc,943360a9a5818959e33aa851d0ac4831c347ca8ca4b98b4e7e95a6abb99fcb34,e010ed09d4baf4ac5efe240fbdd22264e7caf3784e7fd56d689fc430610e13cc,0d3eb13046a372114ff88ccf4c3705c1d86a0f99f77e3dd055114c14340c20d3,fcb89b2b83d197c6c422132c22028e768595fe4ac3c139b06be32ac8a9d45067,0eb1ea9602da726bcba0ceaa44911dc3286cacc8babf204f40eb0aa31eea6271,0.186950694,0.196043627,0000
286,001a,0010,e3b0c44298fc1c149afbf4c8996fb92427ae41e4649b934ca495991b7852b855,e3b0c44298fc1c149afbf4c8996fb92427ae41e4649b934ca495991b7852b855,0277abdbd186c877b2fdb0d1281454036d40221ef1aff9c5acd77fc46718f51e,943360a9a5818959e33aa851d0ac4831c347ca8ca4b98b4e7e95a6abb99fcb34,e010ed09d4baf4ac5efe240fbdd22264e7caf3784e7fd56d689fc430610e13cc,0d3eb13046a372114ff88ccf4c3705c1d86a0f99f77e3dd055114c14340c20d3,dbd9e6e3a10cab24676aeeea7c6fcba5b92b3c59830161dc91ba9a959f460c10,d1dc73f871c05a6008523b1e070a925279f95309cfb40c9ce6e9242382957468,0.184013943,0.195075729,0000
287,001a,0010,e3b0c44298fc1c149afbf4c8996fb92427ae41e4649b934ca495991b7852b855,e3b0c44298fc1c149afbf4c8996fb92427ae41e4649b934ca495991b7852b855,2289ac654c27f4135550a56f9fec57e77a53710a988315fc4e15289a387e8a79,943360a9a5818959e33aa851d0ac4831c347ca8ca4b98b4e7e95a6abb99fcb34,e010ed09d4baf4ac5efe240fbdd22264e7caf3784e7fd56d689fc430610e13cc,0d3eb13046a372114ff88ccf4c3705c1d86a0f99f77e3dd055114c14340c20d3,b62badbf20860017739d813762553ea2efd93f9410f7a1c800a9c5a5c26a42a2,fce10c9c48b8ae10163373befb38c156ec18969e46ad8d2d22ac814fa7a0115d,0.184051409,0.194944324,0000
288,001a,0010,e3b0c44298fc1c149afbf4c8996fb92427ae41e4649b934ca495991b7852b855,e3b0c44298fc1c149afbf4c8996fb92427ae41e4649b934ca495991b7852b855,cab5cbc936c280c9f1d8ba6352586854ab60331af72917a4ed403dbb7bd6acc7,943360a9a5818959e33aa851d0ac4831c347ca8ca4b98b4e7e95a6abb99fcb34,e010ed09d4baf4ac5efe240fbdd22264e7caf3784e7fd56d689fc430610e13cc,0d3eb13046a372114ff88ccf4c3705c1d86a0f99f77e3dd055114c14340c20d3,d0e885a5c4f78d4e9edf9f3050d28df68b911cfebd18f52c45b43eb687abfa25,c62dcaa5e97346a6c405f7fcc8d5600348f27aef5622ed8cdcf405898a4a0e6a,0.184048379,0.194941028,0000
289,001a,0010,e3b0c44298fc1c149afbf4c8996fb92427ae41e4649b934ca495991b7852b855,e3b0c44298fc1c149afbf4c8996fb92427ae41e4649b934ca495991b7852b855,ba0496aa5300d1e2f2ebbd2d16cd63cc824b0e415d9feb5a1463a9981f955a55,943360a9a5818959e33aa851d0ac4831c347ca8ca4b98b4e7e95a6abb99fcb34,e010ed09d4baf4ac5efe240fbdd22264e7caf3784e7fd56d689fc430610e13cc,0d3eb13046a372114ff88ccf4c3705c1d86a0f99f77e3dd055114c14340c20d3,45d952bf409d41ac9ecc91e5eb2b8d94c1bd773ca2407c5e6d3493d193264912,5b7561849f45d722c972b20405ff6bfec5ed84584d9890466673341351227ebc,0.183845165,0.195049164,0000
290,001a,0010,e3b0c44298fc1c149afbf4c8996fb92427ae41e4649b934ca495991b7852b855,e3b0c44298fc1c149afbf4c8996fb92427ae41e4649b934ca495991b7852b855,3737a2b36aa13e7a86f8b86abc770f4977445444bd19697940ce66a5bdabd9c7,943360a9a5818959e33aa851d0ac4831c347ca8ca4b98b4e7e95a6abb99fcb34,e010ed09d4baf4ac5efe240fbdd22264e7caf3784e7fd56d689fc430610e13cc,0d3eb13046a372114ff88ccf4c3705c1d86a0f99f77e3dd055114c14340c20d3,210371d1ba9ab7d69f9922efe57d7f133d144b0869eb77d2ecd7a33d94d74ae5,d499179d998d4117e550cd0cf4b31e2e70675e0ac7a783fa4fbff2aa32383395,0.183971472,0.196149878,0000
291,001a,0010,e3b0c44298fc1c149afbf4c8996fb92427ae41e4649b934ca495991b7852b855,e3b0c44298fc1c149afbf4c8996fb92427ae41e4649b934ca495991b7852b855,b3133737324cb76c62ac79d94a3fdd4630bd3dd9783f982992e19aaaa606a758,943360a9a5818959e33aa851d0ac4831c347ca8ca4b98b4e7e95a6abb99fcb34,e010ed09d4baf4ac5efe240fbdd22264e7caf3784e7fd56d689fc430610e13cc,0d3eb13046a372114ff88ccf4c3705c1d86a0f99f77e3dd055114c14340c20d3,03ed412a4c080cac3592bf08f47005adf983961492c3d8bd3cd882a2d3ad93e2,df27d0301a58900017929d7f009327228675360d533f30f89d6d5016086d8238,0.184207206,0.194793257,0000
292,001a,0010,e3b0c44298fc1c149afbf4c8996fb92427ae41e4649b934ca495991b7852b855,e3b0c44298fc1c149afbf4c8996fb92427ae41e4649b934ca495991b7852b855,0286d91beb575700cf67c2190888f98af6f5b4560a91d4d1d179f3485e981c3d,943360a9a5818959e33aa851d0ac4831c347ca8ca4b98b4e7e95a6abb99fcb34,e010ed09d4baf4ac5efe240fbdd22264e7caf3784e7fd56d689fc430610e13cc,0d3eb13046a372114ff88ccf4c3705c1d86a0f99f77e3dd055114c14340c20d3,35ca5709480c9239a0b0a591f56ac7a6bad99b96aa470aefb9ff52b71cd377bb,216c8751f14df47131192c613d38a9c99c0a1638ad5612244a08df9d402b3a61,0.183943999,0.195007094,0000
293,001a,0010,e3b0c44298fc1c149afbf4c8996fb92427ae41e4649b934ca495991b7852b855,e3b0c44298fc1c149afbf4c8996fb92427ae41e4649b934ca495991b7852b855,6e924ce02918aed1cfb750125450c7c192e33345c242e398bc7939c72f6165c3,943360a9a5818959e33aa851d0ac4831c347ca8ca4b98b4e7e95a6abb99fcb34,e010ed09d4baf4ac5efe240fbdd22264e7caf3784e7fd56d689fc430610e13cc,0d3eb13046a372114ff88ccf4c3705c1d86a0f99f77e3dd055114c14340c20d3,1439eb02b71c9dbaa719391c80deaeaa6051ee2e52bf46cc000a0aee4690f9fb,36598143aaf165903a339951d4a98a36c2965006a1d8a134f05612cd76b77d4a,0.186171354,0.194844128,0000
294,001a,0010,e3b0c44298fc1c149afbf4c8996fb92427ae41e4649b934ca495991b7852b855,e3b0c44298fc1c149afbf4c8996fb92427ae41e4649b934ca495991b7852b855,cd14fc78581698d8e31d5c833f65065a0ca5043feb1d6266b46341f38ae3780c,943360a9a5818959e33aa851d0ac4831c347ca8ca4b98b4e7e95a6abb99fcb34,e010ed09d4baf4ac5efe240fbdd22264e7caf3784e7fd56d689fc430610e13cc,0d3eb13046a372114ff88ccf4c3705c1d86a0f99f77e3dd055114c14340c20d3,56c323aed6edc09877c59cb87fa858edb7c1209b3abff6326f866b19ce82b21c,bc835a9f14337cf2f1315e677c2790fbe14dac2dd1af9deb3d36fdbd185a325b,0.183824428,0.194924678,0000
295,001a,0010,e3b0c44298fc1c149afbf4c8996fb92427ae41e4649b934ca495991b7852b855,e3b0c44298fc1c149afbf4c8996fb92427ae41e4649b934ca495991b7852b855,1d1d39d67840cd34596e63f2b0a697b1d248a2e5937f0f5c5151da689938d950,943360a9a5818959e33aa851d0ac4831c347ca8ca4b98b4e7e95a6abb99fcb34,e010ed09d4baf4ac5efe240fbdd22264e7caf3784e7fd56d689fc430610e13cc,0d3eb13046a372114ff88ccf4c3705c1d86a0f99f77e3dd055114c14340c20d3,c0a7a210aa428bae482094764ac0c0f135ab67174acfcacf599bbf00169e9013,442cb14bb2e127d74547a455355a8a1cb35277411d4452ac0496f65f005f8078,0.183858696,0.196275283,0000
296,001a,0010,e3b0c44298fc1c149afbf4c8996fb92427ae41e4649b934ca495991b7852b855,e3b0c44298fc1c149afbf4c8996fb92427ae41e4649b934ca495991b7852b855,f15b8f0b6340b3e13b3a7fbdff282563c06861f69daa083fb7f5726c286fa6a6,943360a9a5818959e33aa851d0ac4831c347ca8ca4b98b4e7e95a6abb99fcb34,e010ed09d4baf4ac5efe240fbdd22264e7caf3784e7fd56d689fc430610e13cc,0d3eb13046a372114ff88ccf4c3705c1d86a0f99f77e3dd055114c14340c20d3,c644d2ff8c0b8c8728682d925cd7aeb32a063069d18891744e17c6701355499b,39a0291855bac5fa79fa5bde1756192ed7d61f4bb49e7d9668146a947632fcbb,0.183713687,0.196137358,0000
297,001a,0010,e3b0c44298fc1c149afbf4c8996fb92427ae41e4649b934ca495991b7852b855,e3b0c44298fc1c149afbf4c8996fb92427ae41e4649b934ca495991b7852b855,2c7d6febbf785d8f31c70f9721cf89530125faba9512129cf2f80c9e7f96111a,943360a9a5818959e33aa851d0ac4831c347ca8ca4b98b4e7e95a6abb99fcb34,e010ed09d4baf4ac5efe240fbdd22264e7caf3784e7fd56d689fc430610e13cc,0d3eb13046a372114ff88ccf4c3705c1d86a0f99f77e3dd055114c14340c20d3,3b28c1474d7dbd295580ba83f3a4181c197fb11c6b4ce8b090878e690e3de664,b20a6271298924a705b568afc145fccad7fc48b8634c066155152dae7313efbf,0.183946448,0.196166639,0000
298,001a,0010,e3b0c44298fc1c149afbf4c8996fb92427ae41e4649b934ca495991b7852b855,e3b0c44298fc1c149afbf4c8996fb92427ae41e4649b934ca495991b7852b855,2ec55428936b5973842900e07aba16f68b0f3b23306b438939ecaacb4e8ce7a2,943360a9a5818959e33aa851d0ac4831c347ca8ca4b98b4e7e95a6abb99fcb34,e010ed09d4baf4ac5efe240fbdd22264e7caf3784e7fd56d689fc430610e13cc,0d3eb13046a372114ff88ccf4c3705c1d86a0f99f77e3dd055114c14340c20d3,08695d7a3591e32a91237319c721b4c702dd6a40e461d3e5aae564f786d53113,29b1e23ce5daea281456aaa8f7f2d4e42a2a543415e056199c5787008c299b70,0.184054998,0.195043949,0000
299,001a,0010,e3b0c44298fc1c149afbf4c8996fb92427ae41e4649b934ca495991b7852b855,e3b0c44298fc1c149afbf4c8996fb92427ae41e4649b934ca495991b7852b855,7ea093427ac31e42f978fd2ece75d575ba18495d888c2eb452dbfdaead66294d,943360a9a5818959e33aa851d0ac4831c347ca8ca4b98b4e7e95a6abb99fcb34,e010ed09d4baf4ac5efe240fbdd22264e7caf3784e7fd56d689fc430610e13cc,0d3eb13046a372114ff88ccf4c3705c1d86a0f99f77e3dd055114c14340c20d3,6cfffc51360eaba0bcd4fa879a8fc7df3bf8479547dd87f0ef587f105711af9a,b8a848a50efd991f81657f05ae27f4a1232fbcf6bcb2543882e69720b42d9728,0.186846745,0.195062594,0000
300,001a,0010,e3b0c44298fc1c149afbf4c8996fb92427ae41e4649b934ca495991b7852b855,e3b0c44298fc1c149afbf4c8996fb92427ae41e4649b934ca495991b7852b855,d65e27f8adf664e0e432a4776c232c0282536d3b830362b9e37b238a15a3c1ab,943360a9a5818959e33aa851d0ac4831c347ca8ca4b98b4e7e95a6abb99fcb34,e010ed09d4baf4ac5efe240fbdd22264e7caf3784e7fd56d689fc430610e13cc,0d3eb13046a372114ff88ccf4c3705c1d86a0f99f77e3dd055114c14340c20d3,a584c1db17fbe77c835bc0488d80a3d4870b5b031aa6c1653e2891326ba5746e,216a718396c47c46f95919c2f73bc14f9d4f3495028ff7e69fa88f6cef82e491,0.184067990,0.195898648,0000
301,001a,0010,e3b0c44298fc1c149afbf4c8996fb92427ae41e4649b934ca495991b7852b855,e3b0c44298fc1c149afbf4c8996fb92427ae41e4649b934ca495991b7852b855,0916137bec8d386b809d108d90ad572a48abedf3414222958432393c12dbd379,943360a9a5818959e33aa851d0ac4831c347ca8ca4b98b4e7e95a6abb99fcb34,e010ed09d4baf4ac5efe240fbdd22264e7caf3784e7fd56d689fc430610e13cc,0d3eb13046a372114ff88ccf4c3705c1d86a0f99f77e3dd055114c14340c20d3,22c2d163cb59b8e3acbf566ac49a69f25b782c5d0dd5069d886f4465e58f94b1,9cf58327dc6a82a0089700d7f7594e675079f28bb556ba526c963bdead2a67cd,0.183170828,0.195926310,0000
302,001a,0010,e3b0c44298fc1c149afbf4c8996fb92427ae41e4649b934ca495991b7852b855,e3b0c44298fc1c149afbf4c8996fb92427ae41e4649b934ca495991b7852b855,5bee9613dd0bfc02060804ead359358a36d8d68f3ddd43775629b3b76fba7e81,943360a9a5818959e33aa851d0ac4831c347ca8ca4b98b4e7e95a6abb99fcb34,e010ed09d4baf4ac5efe240fbdd22264e7caf3784e7fd56d689fc430610e13cc,0d3eb13046a372114ff88ccf4c3705c1d86a0f99f77e3dd055114c14340c20d3,3718741a230a0e1355be7a5601c17b39e78ba335e8a3de0588165fca26ce430c,b655727a99fb0c9b948896578cbd4aaff06a336d647e922f33f695fd13a6b86c,0.183945142,0.195047269,0000
303,001a,0010,e3b0c44298fc1c149afbf4c8996fb92427ae41e4649b934ca495991b7852b855,e3b0c44298fc1c149afbf4c8996fb92427ae41e4649b934ca495991b7852b855,f50886d9e026a9daac875681825413e8ed4c88cf6b4133214b2e84398333da36,943360a9a5818959e33aa851d0ac4831c347ca8ca4b98b4e7e95a6abb99fcb34,e010ed09d4baf4ac5efe240fbdd22264e7caf3784e7fd56d689fc430610e13cc,0d3eb13046a372114ff88ccf4c3705c1d86a0f99f77e3dd055114c14340c20d3,d4d03a49081ca194c90d9e16bf50f25b9b5329d9245b639c5fa33dca3cb1bc9c,08785b039fb26e39f9d028bfa04d90b4698893dae29cd396c30176ec079e6995,0.186138654,0.194851676,0000
304,001a,0010,e3b0c44298fc1c149afbf4c8996fb92427ae41e4649b934ca495991b7852b855,e3b0c44298fc1c149afbf4c8996fb92427ae41e4649b934ca495991b7852b855,d18c9bb9f1584fb3f51a6e80638e036d0c4ed9bc43d10173976e78061706be7a,943360a9a5818959e33aa851d0ac4831c347ca8ca4b98b4e7e95a6abb99fcb34,e010ed09d4baf4ac5efe240fbdd22264e7caf3784e7fd56d689fc430610e13cc,0d3eb13046a372114ff88ccf4c3705c1d86a0f99f77e3dd055114c14340c20d3,a485f79a3e6f49062deb1dc728840507f0b7bee1a2d059b2d5a7a1006141f170,13ca801b463a88c25008606d4009bf23e14c35c021ca7d722b0e616180ac2356,0.183721067,0.195049060,0000
305,001a,0010,e3b0c44298fc1c149afbf4c8996fb92427ae41e4649b934ca495991b7852b855,e3b0c44298fc1c149afbf4c8996fb92427ae41e4649b934ca495991b7852b855,93a0ea0a16e7a0bfdc13f2d64b56452f2a39cb76a099f5fc066042a1fa2e541a,943360a9a5818959e33aa851d0ac4831c347ca8ca4b98b4e7e95a6abb99fcb34,e010ed09d4baf4ac5efe240fbdd22264e7caf3784e7fd56d689fc430610e13cc,0d3eb13046a372114ff88ccf4c3705c1d86a0f99f77e3dd055114c14340c20d3,9a409da81f3e7287fbb712435e353c1b5bfb77cb9d03f09cfc30a6a963861977,dd64e3415e4d4baf2d2e789bb9a07abe3966e12286ea3ca346d401b8e7090926,0.183837296,0.196274193,0000
306,001a,0010,e3b0c44298fc1c149afbf4c8996fb92427ae41e4649b934ca495991b7852b855,e3b0c44298fc1c149afbf4c8996fb92427ae41e4649b934ca495991b7852b855,ab1764dee84a59f8a449f0a523164a00ee73b6418e16c2720689eb4f648350a5,943360a9a5818959e33aa851d0ac4831c347ca8ca4b98b4e7e95a6abb99fcb34,e010ed09d4baf4ac5efe240fbdd22264e7caf3784e7fd56d689fc430610e13cc,0d3eb13046a372114ff88ccf4c3705c1d86a0f99f77e3dd055114c14340c20d3,aa33f9aa85994f2f38c8dbdddc1db4cd518f6f8c107765b50b7b36d53bfd5b9c,1bfdc9a7779415a09a9f987f9a2430e805deba6077c7437a4a516211ce28d1f8,0.184049133,0.195944751,0000
307,001a,0010,e3b0c44298fc1c149afbf4c8996fb92427ae41e4649b934ca495991b7852b855,e3b0c44298fc1c149afbf4c8996fb92427ae41e4649b934ca495991b7852b855,fc72d3f4848fd0768e88d0161ae709af78d7fb351ddf4671bd02fc27196823fa,943360a9a5818959e33aa851d0ac4831c347ca8ca4b98b4e7e95a6abb99fcb34,e010ed09d4baf4ac5efe240fbdd22264e7caf3784e7fd56d689fc430610e13cc,0d3eb13046a372114ff88ccf4c3705c1d86a0f99f77e3dd055114c14340c20d3,a012a7d08633c5a4408169bb1d99fe4893cc922e34da9c9c8a0d8995eb5a989c,d37afac17d909138333f0fe2bbc4fe490fc106c2ab9e19ef4c7482c7e7e6a6f2,0.183981600,0.196046206,0000
308,001a,0010,e3b0c44298fc1c149afbf4c8996fb92427ae41e4649b934ca495991b7852b855,e3b0c44298fc1c149afbf4c8996fb92427ae41e4649b934ca495991b7852b855,be097f6cb88fdcb8fa85d65971741b2bdf8a0694a91005aafdebbb742e33f329,943360a9a5818959e33aa851d0ac4831c347ca8ca4b98b4e7e95a6abb99fcb34,e010ed09d4baf4ac5efe240fbdd22264e7caf3784e7fd56d689fc430610e13cc,0d3eb13046a372114ff88ccf4c3705c1d86a0f99f77e3dd055114c14340c20d3,872e0b4ab78c8f72dd8c15cf5f7c51e0c9b4578d2b8eda610fe9c650e54cc341,c1b0a02ed78e9940031990b28ca9e9990be38d656aa67b8abe35de26c9611671,0.183869708,0.195113396,0000
309,001a,0010,e3b0c44298fc1c149afbf4c8996fb92427ae41e4649b934ca495991b7852b855,e3b0c44298fc1c149afbf4c8996fb92427ae41e4649b934ca495991b7852b855,38c3e5a3bc26cd41b77524d842972a70b747b54805dfcbf146767a11b1e7561a,943360a9a5818959e33aa851d0ac4831c347ca8ca4b98b4e7e95a6abb99fcb34,e010ed09d4baf4ac5efe240fbdd22264e7caf3784e7fd56d689fc430610e13cc,0d3eb13046a372114ff88ccf4c3705c1d86a0f99f77e3dd055114c14340c20d3,03a0a5d3b492679d7e07c19281cdaea837586af73e0243a689f98d0fa716aad5,5e198f3d68f4b1f98917e120f747885e848af15f2db4be07d1f5ff473f3abbb6,0.183844155,0.196120833,0000
310,001a,0010,e3b0c44298fc1c149afbf4c8996fb92427ae41e4649b934ca495991b7852b855,e3b0c44298fc1c149afbf4c8996fb92427ae41e4649b934ca495991b7852b855,257c0d5b66a511c266f952df62023ade07f7f6be2bb25fe67ca6aaf531b89408,943360a9a5818959e33aa851d0ac4831c347ca8ca4b98b4e7e95a6abb99fcb34,e010ed09d4baf4ac5efe240fbdd22264e7caf3784e7fd56d689fc430610e13cc,0d3eb13046a372114ff88ccf4c3705c1d86a0f99f77e3dd055114c14340c20d3,1e6a7fd8ef82f8d1daec5082a1f050330fd1d0545675d77603f83cfb69f5a0a7,9291121f3653af8acc1aeb2b6c412311e59a19d3196f21a27d1adee0c985564c,0.184048830,0.194045617,0000
311,001a,0010,e3b0c44298fc1c149afbf4c8996fb92427ae41e4649b934ca495991b7852b855,e3b0c44298fc1c149afbf4c8996fb92427ae41e4649b934ca495991b7852b855,ce11cc5c389249a01c804cb12679a07290d03a6d5135847fc3f8c8473f082f4e,943360a9a5818959e33aa851d0ac4831c347ca8ca4b98b4e7e95a6abb99fcb34,e010ed09d4baf4ac5efe240fbdd22264e7caf3784e7fd56d689fc430610e13cc,0d3eb13046a372114ff88ccf4c3705c1d86a0f99f77e3dd055114c14340c20d3,6bb1b14eb9e51dc4fe4ab0ebd373ce2824cec1d59e9dc52af71090e38c9ba007,4ad40cba19b3b4eb447ae48eaf3ffb407438afdb2ac532cfd1bbf28fbb512308,0.185943394,0.194944613,0000
312,001a,0010,e3b0c44298fc1c149afbf4c8996fb92427ae41e4649b934ca495991b7852b855,e3b0c44298fc1c149afbf4c8996fb92427ae41e4649b934ca495991b7852b855,4bb3552c64d5cb62df9b501a5874d982f3a3f76300f6c7baa0006de696fd88dc,943360a9a5818959e33aa851d0ac4831c347ca8ca4b98b4e7e95a6abb99fcb34,e010ed09d4baf4ac5efe240fbdd22264e7caf3784e7fd56d689fc430610e13cc,0d3eb13046a372114ff88ccf4c3705c1d86a0f99f77e3dd055114c14340c20d3,5df42c6ccf072310828675f21351bb271a70326f44ba77f8a8ae8c62995932db,d9424640380a36d1e8a15e86a232ed487c5217247673574c83212f3dc1331012,0.186152207,0.195944168,0000
313,001a,0010,e3b0c44298fc1c149afbf4c8996fb92427ae41e4649b934ca495991b7852b855,e3b0c44298fc1c149afbf4c8996fb92427ae41e4649b934ca495991b7852b855,9eca2b29f2dd1590fa6bc18200af9cb91a7d9abacfa14ef510a4516181ce091d,943360a9a5818959e33aa851d0ac4831c347ca8ca4b98b4e7e95a6abb99fcb34,e010ed09d4baf4ac5efe240fbdd22264e7caf3784e7fd56d689fc430610e13cc,0d3eb13046a372114ff88ccf4c3705c1d86a0f99f77e3dd055114c14340c20d3,f058e888159ad058a24c526859b50ba5bafc1d2fbd4480a74fa5320abbcc3e71,e3f0d1e7a4b100ecf8fbfa7dd240930ac0eadb5b116b8b12d5ef5a72f9d29dac,0.183942965,0.195051504,0000
314,001a,0010,e3b0c44298fc1c149afbf4c8996fb92427ae41e4649b934ca495991b7852b855,e3b0c44298fc1c149afbf4c8996fb92427ae41e4649b934ca495991b7852b855,78129ac5f21241ef11a23cf35393eb7b92001bc0a6ed57baf54ec55e98ebbd86,943360a9a5818959e33aa851d0ac4831c347ca8ca4b98b4e7e95a6abb99fcb34,e010ed09d4baf4ac5efe240fbdd22264e7caf3784e7fd56d689fc430610e13cc,0d3eb13046a372114ff88ccf4c3705c1d86a0f99f77e3dd055114c14340c20d3,843718e635cd1d64b83af1cab5b0ef572e5ab2c7e4d1adf9a40776363f429387,ad30e5ae0950316033392178c4ae8fc75cbea285b296bbb558b4322eca9766d7,0.183843506,0.195048002,0000
315,001a,0010,e3b0c44298fc1c149afbf4c8996fb92427ae41e4649b934ca495991b7852b855,e3b0c44298fc1c149afbf4c8996fb92427ae41e4649b934ca495991b7852b855,fdb46990227004392202ef8954dfabf39cc1e7fe55acb623b0c1a62c9293c55d,943360a9a5818959e33aa851d0ac4831c347ca8ca4b98b4e7e95a6abb99fcb34,e010ed09d4baf4ac5efe240fbdd22264e7caf3784e7fd56d689fc430610e13cc,0d3eb13046a372114ff88ccf4c3705c1d86a0f99f77e3dd055114c14340c20d3,266e929bbccbc6c11af074bb106404910a006b612f56ab200ef5fe8aef941645,6c964f6373548d2528f490278d5c8dd60e97148ff042cb1f5a49d418dd01a4d8,0.183841239,0.196148023,0000
316,001a,0010,e3b0c44298fc1c149afbf4c8996fb92427ae41e4649b934ca495991b7852b855,e3b0c44298fc1c149afbf4c8996fb92427ae41e4649b934ca495991b7852b855,6a86c7e83830195ea0c14cf94934edc3e1ec2fb820c8480b9b0217fa61d6f033,943360a9a5818959e33aa851d0ac4831c347ca8ca4b98b4e7e95a6abb99fcb34,e010ed09d4baf4ac5efe240fbdd22264e7caf3784e7fd56d689fc430610e13cc,0d3eb13046a372114ff88ccf4c3705c1d86a0f99f77e3dd055114c14340c20d3,fe0bb50e726e65949b980b4e882f8abbbf7718d3f4bded5fb4f79d3c322a039c,a16becec24d43ec49574af6a4ff6f95e4d73dfc2d7477606fe1b42fad36b8001,0.186152447,0.195927263,0000
317,001a,0010,e3b0c44298fc1c149afbf4c8996fb92427ae41e4649b934ca495991b7852b855,e3b0c44298fc1c149afbf4c8996fb92427ae41e4649b934ca495991b7852b855,eb4b68b5e7510659430366a77e30cbd18c7ff191f06983dfe69ab3a684919e47,943360a9a5818959e33aa851d0ac4831c347ca8ca4b98b4e7e95a6abb99fcb34,e010ed09d4baf4ac5efe240fbdd22264e7caf3784e7fd56d689fc430610e13cc,0d3eb13046a372114ff88ccf4c3705c1d86a0f99f77e3dd055114c14340c20d3,8de76926c0317c181926519f0b731e3c6318977f289639030b7a3ab4ce753ab1,c3c74f1c42721c79b226601b78ba078a5756c26291d26b8ff14ad83ebda949e9,0.185801657,0.195102448,0000
318,001a,0010,e3b0c44298fc1c149afbf4c8996fb92427ae41e4649b934ca495991b7852b855,e3b0c44298fc1c149afbf4c8996fb92427ae41e4649b934ca495991b7852b855,40bc63b04bdef2f213b97bc0d3be3732141ace412891277fa1828c99dc603fa9,943360a9a5818959e33aa851d0ac4831c347ca8ca4b98b4e7e95a6abb99fcb34,e010ed09d4baf4ac5efe240fbdd22264e7caf3784e7fd56d689fc430610e13cc,0d3eb13046a372114ff88ccf4c3705c1d86a0f99f77e3dd055114c14340c20d3,af9773228318d0b5ec0ef176308cfc83cb56da6732e89be4d1ff9c97a7147fe2,add8afcf9315fe86ba64828ccfe14b54c5cce1ff76753005a89425e210d23dca,0.183942933,0.196049431,0000
319,001a,0010,e3b0c44298fc1c149afbf4c8996fb92427ae41e4649b934ca495991b7852b855,e3b0c44298fc1c149afbf4c8996fb92427ae41e4649b934ca495991b7852b855,c1d7175231e66903c0166b8b974adf6920240f5853f208cffb8df90f59cd14d2,943360a9a5818959e33aa851d0ac4831c347ca8ca4b98b4e7e95a6abb99fcb34,e010ed09d4baf4ac5efe240fbdd22264e7caf3784e7fd56d689fc430610e13cc,0d3eb13046a372114ff88ccf4c3705c1d86a0f99f77e3dd055114c14340c20d3,c1eeb2cfdec945dd9446e9458632c17e1fc127145310827545a47b92a67ee7f2,0564dc92a27deb88e1aa7a8b46392534592270f2782da7cca0091aab2f72e078,0.182847531,0.196146766,0000
320,001a,0010,e3b0c44298fc1c149afbf4c8996fb92427ae41e4649b934ca495991b7852b855,e3b0c44298fc1c149afbf4c8996fb92427ae41e4649b934ca495991b7852b855,8560ccbe63a7010ee76b90887f903cb54e4b2ab991d10ebcfd3d2f19d684d3a7,943360a9a5818959e33aa851d0ac4831c347ca8ca4b98b4e7e95a6abb99fcb34,e010ed09d4baf4ac5efe240fbdd22264e7caf3784e7fd56d689fc430610e13cc,0d3eb13046a372114ff88ccf4c3705c1d86a0f99f77e3dd055114c14340c20d3,578fa64b70f1d38482ddfa513c0176a211bc80bf396a607b208857b4e3c23eac,d6e335bf646a50ad93ea2e665e459c33b8260639794e69fab6be8480dfbcce2a,0.183810653,0.195172122,0000
321,001a,0010,e3b0c44298fc1c149afbf4c8996fb92427ae41e4649b934ca495991b7852b855,e3b0c44298fc1c149afbf4c8996fb92427ae41e4649b934ca495991b7852b855,159b45da484b9bb2682adb9b1c90845fea6cb1a3e29d383bcd20911e5ffd17f7,943360a9a5818959e33aa851d0ac4831c347ca8ca4b98b4e7e95a6abb99fcb34,e010ed09d4baf4ac5efe240fbdd22264e7caf3784e7fd56d689fc430610e13cc,0d3eb13046a372114ff88ccf4c3705c1d86a0f99f77e3dd055114c14340c20d3,21c6b945248cce360ac08e69d4edaf8d83401a1cd79272b5d3bb002f0eb862d1,c42450d4892f33a6f79b7eebee9672d9de8974091debbaf153af3f087023443f,0.183828140,0.195049607,0000
322,001a,0010,e3b0c44298fc1c149afbf4c8996fb92427ae41e4649b934ca495991b7852b855,e3b0c44298fc1c149afbf4c8996fb92427ae41e4649b934ca495991b7852b855,7a66c0769a766f3fabb4e8a6495c43a9da9433f54c607d83a20c4968de30f6bf,943360a9a5818959e33aa851d0ac4831c347ca8ca4b98b4e7e95a6abb99fcb34,e010ed09d4baf4ac5efe240fbdd22264e7caf3784e7fd56d689fc430610e13cc,0d3eb13046a372114ff88ccf4c3705c1d86a0f99f77e3dd055114c14340c20d3,c974870409d6d28843e9f1364fba6276c57dacb6bf53411fd1fb6a2b90475247,d8e37e768c5497ce20ffe345d5bbc0376ad6664b686d6c2a80b606161be5d6fd,0.183945158,0.194162756,0000
323,001a,0010,e3b0c44298fc1c149afbf4c8996fb92427ae41e4649b934ca495991b7852b855,e3b0c44298fc1c149afbf4c8996fb92427ae41e4649b934ca495991b7852b855,a37f932ff3d2032e35e4138acd5a7128b57f459ecf8cb688a93c1e1b89df40bc,943360a9a5818959e33aa851d0ac4831c347ca8ca4b98b4e7e95a6abb99fcb34,e010ed09d4baf4ac5efe240fbdd22264e7caf3784e7fd56d689fc430610e13cc,0d3eb13046a372114ff88ccf4c3705c1d86a0f99f77e3dd055114c14340c20d3,cd2d759cfb4d4c8a14fc65c20c419f89eb9d81f6b8e3e84892e0bfcaa0cd7735,84ca6ab03fc5bd51818237942a24ce32cc85b28f4393c6e1f2d50f59fdc88268,0.185827285,0.196046114,0000
324,001a,0010,e3b0c44298fc1c149afbf4c8996fb92427ae41e4649b934ca495991b7852b855,e3b0c44298fc1c149afbf4c8996fb92427ae41e4649b934ca495991b7852b855,c20ac9936215f99657b7af4795ff4739c3cce8315aa168ee54c66bcc60fd3ff7,943360a9a5818959e33aa851d0ac4831c347ca8ca4b98b4e7e95a6abb99fcb34,e010ed09d4baf4ac5efe240fbdd22264e7caf3784e7fd56d689fc430610e13cc,0d3eb13046a372114ff88ccf4c3705c1d86a0f99f77e3dd055114c14340c20d3,fbe3ce2d321d1576033d128dddea8fb9f72928a1fca98d8bd335f255661d93ea,babf2bfaf37aa23ecdc6b7c2de314cd8197340cd6a9ab3e6d17a801f741ea284,0.184199994,0.196165098,0000
325,001a,0010,e3b0c44298fc1c149afbf4c8996fb92427ae41e4649b934ca495991b7852b855,e3b0c44298fc1c149afbf4c8996fb92427ae41e4649b934ca495991b7852b855,092be4506887ba67e8f8daa2f2732b3d273aea3d77c6e7daf5a7a1a91eccf5db,943360a9a5818959e33aa851d0ac4831c347ca8ca4b98b4e7e95a6abb99fcb34,e010ed09d4baf4ac5efe240fbdd22264e7caf3784e7fd56d689fc430610e13cc,0d3eb13046a372114ff88ccf4c3705c1d86a0f99f77e3dd055114c14340c20d3,7258c8e8529e1a1bf0bee25bae050d2e8fa6a95d7f61453abab695ede1686fa2,1e5c1bda084644064539f841e113104088ec0595606c86a0340dfe3d68f7aebe,0.183132643,0.196708654,0000
326,001a,0010,e3b0c44298fc1c149afbf4c8996fb92427ae41e4649b934ca495991b7852b855,e3b0c44298fc1c149afbf4c8996fb92427ae41e4649b934ca495991b7852b855,55a36dd34d132b9cc5f31b8df0a9d559c19adc38721b8fe686c95043cb37a59b,943360a9a5818959e33aa851d0ac4831c347ca8ca4b98b4e7e95a6abb99fcb34,e010ed09d4baf4ac5efe240fbdd22264e7caf3784e7fd56d689fc430610e13cc,0d3eb13046a372114ff88ccf4c3705c1d86a0f99f77e3dd055114c14340c20d3,b38a0c1ad15c8bc4986f1e5cd253317b872d45237ad1de89cc9ff62157e7dbc8,52f66c7348c05079f691fb04cec81c8d93b6829bac5cb2af7797ed5a2863c49d,0.182841536,0.195049335,0000
327,001a,0010,e3b0c44298fc1c149afbf4c8996fb92427ae41e4649b934ca495991b7852b855,e3b0c44298fc1c149afbf4c8996fb92427ae41e4649b934ca495991b7852b855,b3ef76794760df1627b4d5c04389251e06ef2d0c391e670b2141acd678c1e41b,943360a9a5818959e33aa851d0ac4831c347ca8ca4b98b4e7e95a6abb99fcb34,e010ed09d4baf4ac5efe240fbdd22264e7caf3784e7fd56d689fc430610e13cc,0d3eb13046a372114ff88ccf4c3705c1d86a0f99f77e3dd055114c14340c20d3,619b9c2c4e55cc4a35903d89b819503a8878336abc74396421c4157e9432420f,d6f9d24ffad3e8c7c28b4771903aa0d92062e10fad2862588e59e004ddf394b7,0.183840885,0.195148141,0000
328,001a,0010,e3b0c44298fc1c149afbf4c8996fb92427ae41e4649b934ca495991b7852b855,e3b0c44298fc1c149afbf4c8996fb92427ae41e4649b934ca495991b7852b855,e1f4c29df44b8a8004e8fdc230fd5c0d0d31c8d16237eb54c2c5d5fbc3e179c2,943360a9a5818959e33aa851d0ac4831c347ca8ca4b98b4e7e95a6abb99fcb34,e010ed09d4baf4ac5efe240fbdd22264e7caf3784e7fd56d689fc430610e13cc,0d3eb13046a372114ff88ccf4c3705c1d86a0f99f77e3dd055114c14340c20d3,4bad7cf3cb80d01e204c34ef5ca2d47a45d749faad56d33e80f4de3b2484a807,fef9ade393380d0d18a353debab14426d20162ed5870538d6741a146272800c1,0.183951844,0.196151088,0000
329,001a,0010,e3b0c44298fc1c149afbf4c8996fb92427ae41e4649b934ca495991b7852b855,e3b0c44298fc1c149afbf4c8996fb92427ae41e4649b934ca495991b7852b855,84b5585b3b055b0f79c74a5a1519922dbf2106370b93db045a0c985874114e7c,943360a9a5818959e33aa851d0ac4831c347ca8ca4b98b4e7e95a6abb99fcb34,e010ed09d4baf4ac5efe240fbdd22264e7caf3784e7fd56d689fc430610e13cc,0d3eb13046a372114ff88ccf4c3705c1d86a0f99f77e3dd055114c14340c20d3,a0ec25efe255730cbbaaab52afcead21d526a31fbfe227ce5e7a88ce6ae748a2,3f5807805944b7cf3734b68a808217ab8495216b13ee05bff710928109859c85,0.183966736,0.195041511,0000
330,001a,0010,e3b0c44298fc1c149afbf4c8996fb92427ae41e4649b934ca495991b7852b855,e3b0c44298fc1c149afbf4c8996fb92427ae41e4649b934ca495991b7852b855,976b939b9d379cf26a3a36538d526e462481e24397b16236cf3ff65347ed7837,943360a9a5818959e33aa851d0ac4831c347ca8ca4b98b4e7e95a6abb99fcb34,e010ed09d4baf4ac5efe240fbdd22264e7caf3784e7fd56d689fc430610e13cc,0d3eb13046a372114ff88ccf4c3705c1d86a0f99f77e3dd055114c14340c20d3,fd234c7d88b26193b1bf47955c0e825514d71fa648a00c12b2ff55c002fedf3f,708de3d5d62cedf76626252996afca716301f728d3de7c2f6a17a6522eb71502,0.183825873,0.194920006,0000
331,001a,0010,e3b0c44298fc1c149afbf4c8996fb92427ae41e4649b934ca495991b7852b855,e3b0c44298fc1c149afbf4c8996fb92427ae41e4649b934ca495991b7852b855,9f3c688fc862a4769c8f502854547a82b7157d7f377c9d012a0e3046b46ec225,943360a9a5818959e33aa851d0ac4831c347ca8ca4b98b4e7e95a6abb99fcb34,e010ed09d4baf4ac5efe240fbdd22264e7caf3784e7fd56d689fc430610e13cc,0d3eb13046a372114ff88ccf4c3705c1d86a0f99f77e3dd055114c14340c20d3,0d477ef0507cedae46d734a527edf133cae83bd17e356486dbb0ab7eeffc3bc0,d2f6207e703c75e2270851c6fe42677711d3083b8d709dea2225c2b5967d53f8,0.183951234,0.196268007,0000
332,001a,0010,e3b0c44298fc1c149afbf4c8996fb92427ae41e4649b934ca495991b7852b855,e3b0c44298fc1c149afbf4c8996fb92427ae41e4649b934ca495991b7852b855,665fe8ad60581035e1ff5996f05d684b189f0dc5119f88505bf1993fa7ca82f4,943360a9a5818959e33aa851d0ac4831c347ca8ca4b98b4e7e95a6abb99fcb34,e010ed09d4baf4ac5efe240fbdd22264e7caf3784e7fd56d689fc430610e13cc,0d3eb13046a372114ff88ccf4c3705c1d86a0f99f77e3dd055114c14340c20d3,d7ee372f8e0065c389b0954465561b0c91d6aad5d25aae4e9e550fe551cacaeb,57dc60c45a981795b7ffb4fc9b84c39a514636c26abddf9a5517e1ffa8712a3f,0.186042269,0.194946282,0000
333,001a,0010,e3b0c44298fc1c149afbf4c8996fb92427ae41e4649b934ca495991b7852b855,e3b0c44298fc1c149afbf4c8996fb92427ae41e4649b934ca495991b7852b855,7f5e1449d4c13d0380e871858696581975f60dca6c4af37bc98a3536d68ef5e2,943360a9a5818959e33aa851d0ac4831c347ca8ca4b98b4e7e95a6abb99fcb34,e010ed09d4baf4ac5efe240fbdd22264e7caf3784e7fd56d689fc430610e13cc,0d3eb13046a372114ff88ccf4c3705c1d86a0f99f77e3dd055114c14340c20d3,cb758bfd15b7ef578ba7fb6fc432b349949737859287636ca96124adfb5e5c4c,1b0ba69f87fdcfc47086dd86b5a17457dec44451237015e2813b4bea5568270a,0.183837387,0.195054923,0000
334,001a,0010,e3b0c44298fc1c149afbf4c8996fb92427ae41e4649b934ca495991b7852b855,e3b0c44298fc1c149afbf4c8996fb92427ae41e4649b934ca495991b7852b855,3d4ad09b85e1ae14d2d1314d9bdf40a7670578e63ee19bf68dbce2efc609783f,943360a9a5818959e33aa851d0ac4831c347ca8ca4b98b4e7e95a6abb99fcb34,e010ed09d4baf4ac5efe240fbdd22264e7caf3784e7fd56d689fc430610e13cc,0d3eb13046a372114ff88ccf4c3705c1d86a0f99f77e3dd055114c14340c20d3,c6e69e2675e794d32dbaf7b7c701d54bc6a58763196d3c9e44037a23f38f4dc4,ebbd71ab55b96c6530ecfa7adc5b90dda2b36f1d9e575c7d668acbd4e77c022e,0.186048069,0.195045491,0000
335,001a,0010,e3b0c44298fc1c149afbf4c8996fb92427ae41e4649b934ca495991b7852b855,e3b0c44298fc1c149afbf4c8996fb92427ae41e4649b934ca495991b7852b855,f9fbb6f1f8313308fd5931108c32bb3b99fcc22d3c8ca529317f412c9324e8ce,943360a9a5818959e33aa851d0ac4831c347ca8ca4b98b4e7e95a6abb99fcb34,e010ed09d4baf4ac5efe240fbdd22264e7caf3784e7fd56d689fc430610e13cc,0d3eb13046a372114ff88ccf4c3705c1d86a0f99f77e3dd055114c14340c20d3,acccf1de499b1994b26921799f41f1e12830f9778c0b89f020d50961e498cf52,a4f11b8b4749d71d37c37a761d23f7ec7ef5d7e750f316f848f096b66033311d,0.183860288,0.195942202,0000
336,001a,0010,e3b0c44298fc1c149afbf4c8996fb92427ae41e4649b934ca495991b7852b855,e3b0c44298fc1c149afbf4c8996fb92427ae41e4649b934ca495991b7852b855,1784538b1f2953f0c74c486f87bbe2fdf49ae361ef2229377d4fef5df6fb0da9,943360a9a5818959e33aa851d0ac4831c347ca8ca4b98b4e7e95a6abb99fcb34,e010ed09d4baf4ac5efe240fbdd22264e7caf3784e7fd56d689fc430610e13cc,0d3eb13046a372114ff88ccf4c3705c1d86a0f99f77e3dd055114c14340c20d3,a25eb0fa4325f3b3ee7caef3385452731bce05eba767cd96239b7e3c1e231ae2,5ed50dc898cbdfb9046094f067aaf0fddd888b1da352cd0703548d15529abcea,0.183945345,0.196132707,0000
337,001a,0010,e3b0c44298fc1c149afbf4c8996fb92427ae41e4649b934ca495991b7852b855,e3b0c44298fc1c149afbf4c8996fb92427ae41e4649b934ca495991b7852b855,e5f87283edcc3a7b6c5eb6c8d85d6cd8885a896787df51b0a368943a914af263,943360a9a5818959e33aa851d0ac4831c347ca8ca4b98b4e7e95a6abb99fcb34,e010ed09d4baf4ac5efe240fbdd22264e7caf3784e7fd56d689fc430610e13cc,0d3eb13046a372114ff88ccf4c3705c1d86a0f99f77e3dd055114c14340c20d3,f69d7712ae10489138c6cce2cdf980949b0336671cb4aa6ef071f9a2bfced856,85cf4f69f460e189dbf4c2d334b2dec152b58340f8e3f3d8835eb7055bb319c3,0.183737301,0.195137434,0000
338,001a,0010,e3b0c44298fc1c149afbf4c8996fb92427ae41e4649b934ca495991b7852b855,e3b0c44298fc1c149afbf4c8996fb92427ae41e4649b934ca495991b7852b855,cbe050b652191127763bc3b33b707fd57d1bc3602637063bb371b8074d66f4b9,943360a9a5818959e33aa851d0ac4831c347ca8ca4b98b4e7e95a6abb99fcb34,e010ed09d4baf4ac5efe240fbdd22264e7caf3784e7fd56d689fc430610e13cc,0d3eb13046a372114ff88ccf4c3705c1d86a0f99f77e3dd055114c14340c20d3,5a90658e5ebd7ad1a0038e17b61b2938c8a18a864ba70eece54d1b400c7966ec,efa40d746718769223cc9d7086fcaca143fe5f424b8891b476386661ca4ecf8c,0.183841366,0.194269459,0000
339,001a,0010,e3b0c44298fc1c149afbf4c8996fb92427ae41e4649b934ca495991b7852b855,e3b0c44298fc1c149afbf4c8996fb92427ae41e4649b934ca495991b7852b855,11d093a49f13b7238892a81ed34cb3b7b1bd86e475827d5e18e2655fcf49f758,943360a9a5818959e33aa851d0ac4831c347ca8ca4b98b4e7e95a6abb99fcb34,e010ed09d4baf4ac5efe240fbdd22264e7caf3784e7fd56d689fc430610e13cc,0d3eb13046a372114ff88ccf4c3705c1d86a0f99f77e3dd055114c14340c20d3,9f4f0b7e1c8e8fa7c03cdd517b7caa9385ad0341f2021994d83c666dfd97ed7e,71d8daeceecefdc601ba35e951f6c09af328904edd1a340b5333a4b6dd31e3eb,0.183947027,0.196149575,0000
340,001a,0010,e3b0c44298fc1c149afbf4c8996fb92427ae41e4649b934ca495991b7852b855,e3b0c44298fc1c149afbf4c8996fb92427ae41e4649b934ca495991b7852b855,8e3fc0d351187207d0ded5c64c3f1ad10e04ca8fadc93fd371979c6535851dc3,943360a9a5818959e33aa851d0ac4831c347ca8ca4b98b4e7e95a6abb99fcb34,e010ed09d4baf4ac5efe240fbdd22264e7caf3784e7fd56d689fc430610e13cc,0d3eb13046a372114ff88ccf4c3705c1d86a0f99f77e3dd055114c14340c20d3,af340d03699a691327d268a10583258d697659c06b035b4f5d4839ccac30e461,f5c696c54d31f33b531701510bcee7b704068c4573700f72547336f6b57c84a2,0.184082619,0.194940648,0000
341,001a,0010,e3b0c44298fc1c149afbf4c8996fb92427ae41e4649b934ca495991b7852b855,e3b0c44298fc1c149afbf4c8996fb92427ae41e4649b934ca495991b7852b855,ce63479ce1f38ded20e1828b6ac6deb3462d48a3fd55764c12175ce355954e31,943360a9a5818959e33aa851d0ac4831c347ca8ca4b98b4e7e95a6abb99fcb34,e010ed09d4baf4ac5efe240fbdd22264e7caf3784e7fd56d689fc430610e13cc,0d3eb13046a372114ff88ccf4c3705c1d86a0f99f77e3dd055114c14340c20d3,955c33e81c1b6bb4cba3037b83cd6dc7c0bab9f48394782e138c6c89d058ec6f,165683413d405b4793f8a02e40b061cf6784b523a60dc71cfcbcab21e19ee55d,0.183848969,0.195008342,0000
342,001a,0010,e3b0c44298fc1c149afbf4c8996fb92427ae41e4649b934ca495991b7852b855,e3b0c44298fc1c149afbf4c8996fb92427ae41e4649b934ca495991b7852b855,273dac3c56cec1eb717aa404f33a7c053e4dbf9ca063f4ed7907745ebaf71a71,943360a9a5818959e33aa851d0ac4831c347ca8ca4b98b4e7e95a6abb99fcb34,e010ed09d4baf4ac5efe240fbdd22264e7caf3784e7fd56d689fc430610e13cc,0d3eb13046a372114ff88ccf4c3705c1d86a0f99f77e3dd055114c14340c20d3,fe566a538792b274112ea13b5d868910e855c303e926944aa9c9e1df6f123e2f,ff571f18e5e46fc22fd12e67c9a9d665994cb981ee398f06d5cd8b280d1d8751,0.186168958,0.194927090,0000
343,001a,0010,e3b0c44298fc1c149afbf4c8996fb92427ae41e4649b934ca495991b7852b855,e3b0c44298fc1c149afbf4c8996fb92427ae41e4649b934ca495991b7852b855,571734083bed2c89647fae445f7501c5efa6b84132b6097b2c139f052f8e3a38,943360a9a5818959e33aa851d0ac4831c347ca8ca4b98b4e7e95a6abb99fcb34,e010ed09d4baf4ac5efe240fbdd22264e7caf3784e7fd56d689fc430610e13cc,0d3eb13046a372114ff88ccf4c3705c1d86a0f99f77e3dd055114c14340c20d3,500a2a893e79698373de19c45f9eff9c4386c4f8f40cbf63b6041626a7d7c031,1f8fe4bc3e2b65a082b552630a655ffffa0c8271a33c3e4791c50dcd3e6f1342,0.183161313,0.194830038,0000
344,001a,0010,e3b0c44298fc1c149afbf4c8996fb92427ae41e4649b934ca495991b7852b855,e3b0c44298fc1c149afbf4c8996fb92427ae41e4649b934ca495991b7852b855,3db08757d93c30e9690d7a40f75186ea958d3aa68ea0e2f99823780dfca63de5,943360a9a5818959e33aa851d0ac4831c347ca8ca4b98b4e7e95a6abb99fcb34,e010ed09d4baf4ac5efe240fbdd22264e7caf3784e7fd56d689fc430610e13cc,0d3eb13046a372114ff88ccf4c3705c1d86a0f99f77e3dd055114c14340c20d3,9c78bbdf0af0f5e3e743067efcfb2d35cb0870872342c42052432a2448276457,50b6ae0eac33287774bbb6db60f2ae8600284cd3b9e37ee7a9220f667d236b9a,0.186043371,0.194847283,0000
345,001a,0010,e3b0c44298fc1c149afbf4c8996fb92427ae41e4649b934ca495991b7852b855,e3b0c44298fc1c149afbf4c8996fb92427ae41e4649b934ca495991b7852b855,9991ff72d3396580e75af9c66c03137e6092199026c5617ccef6035685fe39b6,943360a9a5818959e33aa851d0ac4831c347ca8ca4b98b4e7e95a6abb99fcb34,e010ed09d4baf4ac5efe240fbdd22264e7caf3784e7fd56d689fc430610e13cc,0d3eb13046a372114ff88ccf4c3705c1d86a0f99f77e3dd055114c14340c20d3,55769874cdfee1972a3268b78bc8f4a9d827efc0eeb63fd6da2e1482b1ee8f8b,aab97ec4ed3d641344f8ff4734079552f306358b61a5edc643ccc18298e336cd,0.183918220,0.196074076,0000
346,001a,0010,e3b0c44298fc1c149afbf4c8996fb92427ae41e4649b934ca495991b7852b855,e3b0c44298fc1c149afbf4c8996fb92427ae41e4649b934ca495991b7852b855,c9660c5518aab6c7f7c60f4b24741d064cd259c27e00232e6daf81eea74d8fe6,943360a9a5818959e33aa851d0ac4831c347ca8ca4b98b4e7e95a6abb99fcb34,e010ed09d4baf4ac5efe240fbdd22264e7caf3784e7fd56d689fc430610e13cc,0d3eb13046a372114ff88ccf4c3705c1d86a0f99f77e3dd055114c14340c20d3,513d80c7e7f8afdfa6cf7e3d461af3a4c66c3e8fb9027650c4e247a692b91f18,933f7f3f834588897f83205ab2c624e0ed23c247156f06293e23632dde3dd6ec,0.184040673,0.195045331,0000
347,001a,0010,e3b0c44298fc1c149afbf4c8996fb92427ae41e4649b934ca495991b7852b855,e3b0c44298fc1c149afbf4c8996fb92427ae41e4649b934ca495991b7852b855,5d00d264ee926f2ccb1b56a3a54ead7a7cdea49b2ae80f9f44f4360c444acf05,943360a9a5818959e33aa851d0ac4831c347ca8ca4b98b4e7e95a6abb99fcb34,e010ed09d4baf4ac5efe240fbdd22264e7caf3784e7fd56d689fc430610e13cc,0d3eb13046a372114ff88ccf4c3705c1d86a0f99f77e3dd055114c14340c20d3,86e6c09c5aeb6b8891d6588b7bbf72f26512bff9bf8950218f5d54dd5a293865,1ccc17ab852d8352fab4b19d96bafab826b0d6c9cf12753380b07fa32517ccb0,0.184040385,0.194952902,0000
348,001a,0010,e3b0c44298fc1c149afbf4c8996fb92427ae41e4649b934ca495991b7852b855,e3b0c44298fc1c149afbf4c8996fb92427ae41e4649b934ca495991b7852b855,8d2aff19e403c4de86ebadb2e624ebe19e777935166fa0d13686793cd33913b7,943360a9a5818959e33aa851d0ac4831c347ca8ca4b98b4e7e95a6abb99fcb34,e010ed09d4baf4ac5efe240fbdd22264e7caf3784e7fd56d689fc430610e13cc,0d3eb13046a372114ff88ccf4c3705c1d86a0f99f77e3dd055114c14340c20d3,bb4b3063faf32f972624666213b9bcf6c3b99b03961484b39fa41431a510da0f,d67b5d773fe2edffd129fcfbb03ee4b1a0b7b1feaf74de908f77143023d4d0e4,0.182953227,0.194944105,0000
349,001a,0010,e3b0c44298fc1c149afbf4c8996fb92427ae41e4649b934ca495991b7852b855,e3b0c44298fc1c149afbf4c8996fb92427ae41e4649b934ca495991b7852b855,e799ddf88679dd2cd4861befcf906f703fc456a8a00662c89f7b52cc1c785081,943360a9a5818959e33aa851d0ac4831c347ca8ca4b98b4e7e95a6abb99fcb34,e010ed09d4baf4ac5efe240fbdd22264e7caf3784e7fd56d689fc430610e13cc,0d3eb13046a372114ff88ccf4c3705c1d86a0f99f77e3dd055114c14340c20d3,2294b1232a71d605f946cae75aadce39827b0f9f091a2baaa15c244ddbccdf49,11056329bfc6ce91d08483a9e175e099bca63ac7b3a25afe44fb6bd8bb08deb7,0.183974237,0.195048047,0000
350,001a,0010,e3b0c44298fc1c149afbf4c8996fb92427ae41e4649b934ca495991b7852b855,e3b0c44298fc1c149afbf4c8996fb92427ae41e4649b934ca495991b7852b855,63f76971b3dee9f410a4aff804cb5510ae631d1c74e60136c8d12ee97f07bd13,943360a9a5818959e33aa851d0ac4831c347ca8ca4b98b4e7e95a6abb99fcb34,e010ed09d4baf4ac5efe240fbdd22264e7caf3784e7fd56d689fc430610e13cc,0d3eb13046a372114ff88ccf4c3705c1d86a0f99f77e3dd055114c14340c20d3,a88c4295f034215f7fe6445f231a2d80709348270721cad4b895c167f9977c89,42d18913205e8c8890ee5b002dc68c5a97a97b7eb8d956c0f091944f453d3045,0.183942506,0.195124496,0000
351,001a,0010,e3b0c44298fc1c149afbf4c8996fb92427ae41e4649b934ca495991b7852b855,e3b0c44298fc1c149afbf4c8996fb92427ae41e4649b934ca495991b7852b855,59635ca854807686a11b8ea99a00d5d508433760bbe8bfcd37870dad12199b3b,943360a9a5818959e33aa851d0ac4831c347ca8ca4b98b4e7e95a6abb99fcb34,e010ed09d4baf4ac5efe240fbdd22264e7caf3784e7fd56d689fc430610e13cc,0d3eb13046a372114ff88ccf4c3705c1d86a0f99f77e3dd055114c14340c20d3,4b76c8bda1b2c297c316ffd75cb0eda6979dbd2d647dc88d49f9ca9d355a6ffb,782f63d11c3ce2891ebdbfe9b2c96368ceda9cc9d2e2abf91137b65e71fd9cac,0.183204631,0.194819622,0000
352,001a,0010,e3b0c44298fc1c149afbf4c8996fb92427ae41e4649b934ca495991b7852b855,e3b0c44298fc1c149afbf4c8996fb92427ae41e4649b934ca495991b7852b855,34f7190a1324c5dd140ca09da5f3fbc6f20a154909aaf9a403343b1742c072e2,943360a9a5818959e33aa851d0ac4831c347ca8ca4b98b4e7e95a6abb99fcb34,e010ed09d4baf4ac5efe240fbdd22264e7caf3784e7fd56d689fc430610e13cc,0d3eb13046a372114ff88ccf4c3705c1d86a0f99f77e3dd055114c14340c20d3,e49d73926528524e2009b7c79b35780dc4e5475bd9f1131edeb695e4900125a0,5ea40bc07912a3937e8319021828035932a27ae76d97930cc62e4bbda9b9d4d8,0.183065467,0.194789877,0000
353,001a,0010,e3b0c44298fc1c149afbf4c8996fb92427ae41e4649b934ca495991b7852b855,e3b0c44298fc1c149afbf4c8996fb92427ae41e4649b934ca495991b7852b855,f438f23bf8e9b93786b87c6a75dbc917026f525b69e717904478da4f1da7ba18,943360a9a5818959e33aa851d0ac4831c347ca8ca4b98b4e7e95a6abb99fcb34,e010ed09d4baf4ac5efe240fbdd22264e7caf3784e7fd56d689fc430610e13cc,0d3eb13046a372114ff88ccf4c3705c1d86a0f99f77e3dd055114c14340c20d3,1665d4e8dc0e3f38cd06d4e24468c670669ca26939096fa9ef71c9cd3d7b3f4b,edf5a32222095c8e39c5e202dd96600495c928ce95d9beb2711289c2f895afab,0.183162341,0.194966740,0000
354,001a,0010,e3b0c44298fc1c149afbf4c8996fb92427ae41e4649b934ca495991b7852b855,e3b0c44298fc1c149afbf4c8996fb92427ae41e4649b934ca495991b7852b855,f7557fd7f23334fb2fd864e47c06523cd5f76d4db8657744ff29f250afaec2ae,943360a9a5818959e33aa851d0ac4831c347ca8ca4b98b4e7e95a6abb99fcb34,e010ed09d4baf4ac5efe240fbdd22264e7caf3784e7fd56d689fc430610e13cc,0d3eb13046a372114ff88ccf4c3705c1d86a0f99f77e3dd055114c14340c20d3,15ae338aebc6adb2e25e01900b5efbf93f41b376f5252eb5fbd475da57bc052f,e0f57c3af3d493e940116e771826b391d510e417bbcb0304dd52de2923dd59f3,0.184013234,0.194939861,0000
355,001a,0010,e3b0c44298fc1c149afbf4c8996fb92427ae41e4649b934ca495991b7852b855,e3b0c44298fc1c149afbf4c8996fb92427ae41e4649b934ca495991b7852b855,dbfbc5e5d06980ab1db9f2672a425661e690a61bf3e8559b3a2b6365344977ad,943360a9a5818959e33aa851d0ac4831c347ca8ca4b98b4e7e95a6abb99fcb34,e010ed09d4baf4ac5efe240fbdd22264e7caf3784e7fd56d689fc430610e13cc,0d3eb13046a372114ff88ccf4c3705c1d86a0f99f77e3dd055114c14340c20d3,b29cbca2289f68a4a02ebbb442f2bba299d0dc0951f85a77dbc96d85b069a660,ab22861317e4aee023aa8f4c2f02c7fd5d57267be6474b23b1d3ed6ac41e3d02,0.183846068,0.195049292,0000
356,001a,0010,e3b0c44298fc1c149afbf4c8996fb92427ae41e4649b934ca495991b7852b855,e3b0c44298fc1c149afbf4c8996fb92427ae41e4649b934ca495991b7852b855,30a2936f98faa3a1a69537a9157c53640c169612960de346d46047688f33907e,943360a9a5818959e33aa851d0ac4831c347ca8ca4b98b4e7e95a6abb99fcb34,e010ed09d4baf4ac5efe240fbdd22264e7caf3784e7fd56d689fc430610e13cc,0d3eb13046a372114ff88ccf4c3705c1d86a0f99f77e3dd055114c14340c20d3,f86e55353e2dcef44e274846ebddfb8fec71eb6c3d8988c9c81f4eae5ac9efb7,f5c804b47741433a339e0bc13e6e23ea893520e343b6bc7df93a17d2425e2977,0.185856798,0.196041151,0000
357,001a,0010,e3b0c44298fc1c149afbf4c8996fb92427ae41e4649b934ca495991b7852b855,e3b0c44298fc1c149afbf4c8996fb92427ae41e4649b934ca495991b7852b855,51bc60434ff35b430a3ddec8e9e58e2310098a33971a87058c4bbd1e61291bc8,943360a9a5818959e33aa851d0ac4831c347ca8ca4b98b4e7e95a6abb99fcb34,e010ed09d4baf4ac5efe240fbdd22264e7caf3784e7fd56d689fc430610e13cc,0d3eb13046a372114ff88ccf4c3705c1d86a0f99f77e3dd055114c14340c20d3,add122b104df23f6656eb8e6c48c0367fc00847a8af4f7b2eb7946dba2565df1,92914c55c3c9e2cfac19866f232367c8f38e43ecce6119b5e6b1ac97e977b359,0.183945519,0.196135472,0000
358,001a,0010,e3b0c44298fc1c149afbf4c8996fb92427ae41e4649b934ca495991b7852b855,e3b0c44298fc1c149afbf4c8996fb92427ae41e4649b934ca495991b7852b855,0104bc612b4894ceefabe0ada20de31e1b668de53c69df23857d7934cbc33897,943360a9a5818959e33aa851d0ac4831c347ca8ca4b98b4e7e95a6abb99fcb34,e010ed09d4baf4ac5efe240fbdd22264e7caf3784e7fd56d689fc430610e13cc,0d3eb13046a372114ff88ccf4c3705c1d86a0f99f77e3dd055114c14340c20d3,0ca531f7379f96d1effbf2952c66dc03064ac73b8f89ba87616ef4e03622a16c,0fc32ff9d639885d37fe7cfc82360aa88fc40874bb78ae282b21a0c6510ab5ae,0.183904190,0.196150956,0000
359,001a,0010,e3b0c44298fc1c149afbf4c8996fb92427ae41e4649b934ca495991b7852b855,e3b0c44298fc1c149afbf4c8996fb92427ae41e4649b934ca495991b7852b855,842084e9ccc3bda4a2c17c2b4f17843fba2c6a36bfca8a0ea936a91a8cfd70d8,943360a9a5818959e33aa851d0ac4831c347ca8ca4b98b4e7e95a6abb99fcb34,e010ed09d4baf4ac5efe240fbdd22264e7caf3784e7fd56d689fc430610e13cc,0d3eb13046a372114ff88ccf4c3705c1d86a0f99f77e3dd055114c14340c20d3,f8b13cda3518b235af985f851fadae2de1d1b67b63df47381a82b0cb52fe56b5,b1525e4896d37c0a9eef29f1932d93e504ba7e91102fb02b72d8dabd9e7fcff2,0.184049734,0.194987577,0000
360,001a,0010,e3b0c44298fc1c149afbf4c8996fb92427ae41e4649b934ca495991b7852b855,e3b0c44298fc1c149afbf4c8996fb92427ae41e4649b934ca495991b7852b855,bcce54fc0dcd162cd5a3029ba65ff26edf115f3e66700e2b900723e12909f9fd,943360a9a5818959e33aa851d0ac4831c347ca8ca4b98b4e7e95a6abb99fcb34,e010ed09d4baf4ac5efe240fbdd22264e7caf3784e7fd56d689fc430610e13cc,0d3eb13046a372114ff88ccf4c3705c1d86a0f99f77e3dd055114c14340c20d3,ea0467318a9f48294833d9796b5f4d20708b8d077432a89735aacca45c7fa0ff,db8da3a6baea239a1a43c445150b0c65685f24280c259d07869039509de1956e,0.187049464,0.194939404,0000
361,001a,0010,e3b0c44298fc1c149afbf4c8996fb92427ae41e4649b934ca495991b7852b855,e3b0c44298fc1c149afbf4c8996fb92427ae41e4649b934ca495991b7852b855,d5069cb8d319d5bb67e944ad93b0d26b8dd51d894ea879e0bc537736b4c3f9bb,943360a9a5818959e33aa851d0ac4831c347ca8ca4b98b4e7e95a6abb99fcb34,e010ed09d4baf4ac5efe240fbdd22264e7caf3784e7fd56d689fc430610e13cc,0d3eb13046a372114ff88ccf4c3705c1d86a0f99f77e3dd055114c14340c20d3,4742d139198961c3f14542dc3368e58eb46ca57194b101bb86388d50ac07155c,f142bbb64ed26b5442b80fa1cfae54aa971a4ed9cd0d666ec6d5d35f91dbdf86,0.183837971,0.194049350,0000
362,001a,0010,e3b0c44298fc1c149afbf4c8996fb92427ae41e4649b934ca495991b7852b855,e3b0c44298fc1c149afbf4c8996fb92427ae41e4649b934ca495991b7852b855,8d82e575b2e32719f5c22eb524993e072cddd71d5b883de560db13f7aae13b9f,943360a9a5818959e33aa851d0ac4831c347ca8ca4b98b4e7e95a6abb99fcb34,e010ed09d4baf4ac5efe240fbdd22264e7caf3784e7fd56d689fc430610e13cc,0d3eb13046a372114ff88ccf4c3705c1d86a0f99f77e3dd055114c14340c20d3,c91ecf1bfaad5cbb007d0392b5621e32dac69026ffd59913665b427036b2fe04,1ef83dc1ecf6474e1b7fe09ad841ceda4740d85ad55c2be0c762cff550f57691,0.185825600,0.196047946,0000
363,001a,0010,e3b0c44298fc1c149afbf4c8996fb92427ae41e4649b934ca495991b7852b855,e3b0c44298fc1c149afbf4c8996fb92427ae41e4649b934ca495991b7852b855,7cf27583f02a48593255a35e32cdee65372f2c51f06fa7ad0e21a0890a49b470,943360a9a5818959e33aa851d0ac4831c347ca8ca4b98b4e7e95a6abb99fcb34,e010ed09d4baf4ac5efe240fbdd22264e7caf3784e7fd56d689fc430610e13cc,0d3eb13046a372114ff88ccf4c3705c1d86a0f99f77e3dd055114c14340c20d3,9d70582df453467261cb1d4905f90771d534a54ef2ec3411977e8b5e3cd1aedf,70c60623883064a141d0a0e046da96a605ed0d733ff92ce5a0287a7f6a55c22f,0.183952377,0.196166780,0000
364,001a,0010,e3b0c44298fc1c149afbf4c8996fb92427ae41e4649b934ca495991b7852b855,e3b0c44298fc1c149afbf4c8996fb92427ae41e4649b934ca495991b7852b855,1155570d67d3e84823d3ca79e45e3109e6eec42cf5139a479bd6011a088a5cb4,943360a9a5818959e33aa851d0ac4831c347ca8ca4b98b4e7e95a6abb99fcb34,e010ed09d4baf4ac5efe240fbdd22264e7caf3784e7fd56d689fc430610e13cc,0d3eb13046a372114ff88ccf4c3705c1d86a0f99f77e3dd055114c14340c20d3,be7486cd1227963070b4ff8d763009a48732eb9225b8dc834c4f13bb777ac760,cf277128c4034663fad0fc7dfd482eb730a28dc949c86fe0f368aedfdcd02cbb,0.183943549,0.194042077,0000
365,001a,0010,e3b0c44298fc1c149afbf4c8996fb92427ae41e4649b934ca495991b7852b855,e3b0c44298fc1c149afbf4c8996fb92427ae41e4649b934ca495991b7852b855,b5fdfce42bea5fcd9cd7b138e34bcd8af57162c879f99e7964db3ce897c1ff14,943360a9a5818959e33aa851d0ac4831c347ca8ca4b98b4e7e95a6abb99fcb34,e010ed09d4baf4ac5efe240fbdd22264e7caf3784e7fd56d689fc430610e13cc,0d3eb13046a372114ff88ccf4c3705c1d86a0f99f77e3dd055114c14340c20d3,9efd5281b00c52f6a3789d46d3e1a3e9391c96553116802684f7f017b591530a,692f467ab94065e1c3cc35b5cc7ca8e4c90decf3ff66a8f1bfe0c46ba1490706,0.183832944,0.195151819,0000
366,001a,0010,e3b0c44298fc1c149afbf4c8996fb92427ae41e4649b934ca495991b7852b855,e3b0c44298fc1c149afbf4c8996fb92427ae41e4649b934ca495991b7852b855,bbeefb07fa9f0f94107a2fc107dc6457e788e403881286188cc19f83c55f5852,943360a9a5818959e33aa851d0ac4831c347ca8ca4b98b4e7e95a6abb99fcb34,e010ed09d4baf4ac5efe240fbdd22264e7caf3784e7fd56d689fc430610e13cc,0d3eb13046a372114ff88ccf4c3705c1d86a0f99f77e3dd055114c14340c20d3,03967ab7d63fa46062c37f4d535d743eab31737292349b7da4eaf9b33ed5d501,aff5081cb1ca1bc87c05275bd03765e6878ab3afc7549c8ed12473613164fa93,0.183843215,0.195159598,0000
367,001a,0010,e3b0c44298fc1c149afbf4c8996fb92427ae41e4649b934ca495991b7852b855,e3b0c44298fc1c149afbf4c8996fb92427ae41e4649b934ca495991b7852b855,1ec8d40db0719527adebe578bd8a9df1ec5c726385b7b3cccade49b8408fffb3,943360a9a5818959e33aa851d0ac4831c347ca8ca4b98b4e7e95a6abb99fcb34,e010ed09d4baf4ac5efe240fbdd22264e7caf3784e7fd56d689fc430610e13cc,0d3eb13046a372114ff88ccf4c3705c1d86a0f99f77e3dd055114c14340c20d3,881350112937d5c22772f9e5156dc9b44c8c1a60ab1aafaccac491cc64716445,f3761c1217917f4b4f471f7c05691b7d92b9ba356ee1db6f845061647c885ed2,0.183844799,0.195145113,0000
368,001a,0010,e3b0c44298fc1c149afbf4c8996fb92427ae41e4649b934ca495991b7852b855,e3b0c44298fc1c149afbf4c8996fb92427ae41e4649b934ca495991b7852b855,649c8d1fad42d940f3368f33e60b236d20348e0faed0330255a587c7eb3853f2,943360a9a5818959e33aa851d0ac4831c347ca8ca4b98b4e7e95a6abb99fcb34,e010ed09d4baf4ac5efe240fbdd22264e7caf3784e7fd56d689fc430610e13cc,0d3eb13046a372114ff88ccf4c3705c1d86a0f99f77e3dd055114c14340c20d3,881d17c8b9a394c8556404d86a42bd40515ab8443be35867a4bd890d4d1752db,3c3453d69893fb20b94362bc312fd488f1c5b4dc3e8391457bbad949141d4d67,0.186174031,0.195921846,0000
369,001a,0010,e3b0c44298fc1c149afbf4c8996fb92427ae41e4649b934ca495991b7852b855,e3b0c44298fc1c149afbf4c8996fb92427ae41e4649b934ca495991b7852b855,7b2d6e657aefed2c9873307c8e9262a279bd25fdbb65cef75fbbdff9cf2d8082,943360a9a5818959e33aa851d0ac4831c347ca8ca4b98b4e7e95a6abb99fcb34,e010ed09d4baf4ac5efe240fbdd22264e7caf3784e7fd56d689fc430610e13cc,0d3eb13046a372114ff88ccf4c3705c1d86a0f99f77e3dd055114c14340c20d3,308508b8421f865699cb8c6de27785d87ed7cbf5e622860e6f406617bf0347f4,723da39be3a2c43cbe22c7379ab1060966548e84d2187cf833a1c5f09d697e24,0.183815183,0.195067857,0000
370,001a,0010,e3b0c44298fc1c149afbf4c8996fb92427ae41e4649b934ca495991b7852b855,e3b0c44298fc1c149afbf4c8996fb92427ae41e4649b934ca495991b7852b855,75e3a12adc537ec9d218eb1a4fb14752ee69c12f40a38ae1fcc34966fc650624,943360a9a5818959e33aa851d0ac4831c347ca8ca4b98b4e7e95a6abb99fcb34,e010ed09d4baf4ac5efe240fbdd22264e7caf3784e7fd56d689fc430610e13cc,0d3eb13046a372114ff88ccf4c3705c1d86a0f99f77e3dd055114c14340c20d3,5a69f19d89e13c146fdfe9b13af81cdad400ec71581b7358bb90f1f9f435f978,38a277461d97e064f3c3024aea77e51f9a288f2f5bc2d088d1098c5228ad8649,0.185944504,0.196053619,0000
371,001a,0010,e3b0c44298fc1c149afbf4c8996fb92427ae41e4649b934ca495991b7852b855,e3b0c44298fc1c149afbf4c8996fb92427ae41e4649b934ca495991b7852b855,e48e908a9372cb1fb8df6b466a4601f73603e80db3079d2e3d39d7bbe39912c7,943360a9a5818959e33aa851d0ac4831c347ca8ca4b98b4e7e95a6abb99fcb34,e010ed09d4baf4ac5efe240fbdd22264e7caf3784e7fd56d689fc430610e13cc,0d3eb13046a372114ff88ccf4c3705c1d86a0f99f77e3dd055114c14340c20d3,ed8a89030d9ba27f37ce6d31b8a78d7918efb2b1f826f698777390f968c5ee0b,7b0a878149ec2ae70b46665674605d8a4529cb40db58e169c731d5cb09486a7f,0.183978448,0.196035733,0000
372,001a,0010,e3b0c44298fc1c149afbf4c8996fb92427ae41e4649b934ca495991b7852b855,e3b0c44298fc1c149afbf4c8996fb92427ae41e4649b934ca495991b7852b855,d4dba278c74da2e2b34b83cc8ef5b31fd230df9a9220147fb1b829f78b853dee,943360a9a5818959e33aa851d0ac4831c347ca8ca4b98b4e7e95a6abb99fcb34,e010ed09d4baf4ac5efe240fbdd22264e7caf3784e7fd56d689fc430610e13cc,0d3eb13046a372114ff88ccf4c3705c1d86a0f99f77e3dd055114c14340c20d3,d596f212098d0295a0898eb68b73f9164c5f980b4213ae87f2bfbbbb68fa30c8,9c15a7c64e482b3cc5331ab375bae49b4229fdb4d0d6070db0250ee9f0dae75c,0.183983150,0.196127463,0000
373,001a,0010,e3b0c44298fc1c149afbf4c8996fb92427ae41e4649b934ca495991b7852b855,e3b0c44298fc1c149afbf4c8996fb92427ae41e4649b934ca495991b7852b855,ce10549563471d8e0cd69d31ed012f230e7620ecb615d2d75991c87bfed34931,943360a9a5818959e33aa851d0ac4831c347ca8ca4b98b4e7e95a6abb99fcb34,e010ed09d4baf4ac5efe240fbdd22264e7caf3784e7fd56d689fc430610e13cc,0d3eb13046a372114ff88ccf4c3705c1d86a0f99f77e3dd055114c14340c20d3,414aab3231f9089c30ade07ce0f65698c3967ec89a35e50d1a443dd265e51954,9e7cce53a8aa67ab128305c4ef3fd99bbf919d6e8529f59f79311f0bf622ea38,0.183945545,0.195013426,0000
374,001a,0010,e3b0c44298fc1c149afbf4c8996fb92427ae41e4649b934ca495991b7852b855,e3b0c44298fc1c149afbf4c8996fb92427ae41e4649b934ca495991b7852b855,64d2dad9205a44cec1be22882d5976e8a7aa57a042fcb2c0cfc396fa17216230,943360a9a5818959e33aa851d0ac4831c347ca8ca4b98b4e7e95a6abb99fcb34,e010ed09d4baf4ac5efe240fbdd22264e7caf3784e7fd56d689fc430610e13cc,0d3eb13046a372114ff88ccf4c3705c1d86a0f99f77e3dd055114c14340c20d3,4bfbcf287d32badff30dbb1fcb337ab03284c1c5f711cff2d6db9b1d870d84a7,faed2ffb1fe30ddfa3312b249a9e1b5ef7501f2cde185726bea743a992c9e2ea,0.186090375,0.194940217,0000
375,001a,0010,e3b0c44298fc1c149afbf4c8996fb92427ae41e4649b934ca495991b7852b855,e3b0c44298fc1c149afbf4c8996fb92427ae41e4649b934ca495991b7852b855,d846d3e45404b9d17509444c499fa97e2965792967145edbb1adca740f9099cb,943360a9a5818959e33aa851d0ac4831c347ca8ca4b98b4e7e95a6abb99fcb34,e010ed09d4baf4ac5efe240fbdd22264e7caf3784e7fd56d689fc430610e13cc,0d3eb13046a372114ff88ccf4c3705c1d86a0f99f77e3dd055114c14340c20d3,67507f3fbe4fc8691caf011ffd3b6784f1022bb5d850aa5dcf694028d69f3c71,ee13f68f6bcf86ca4add09e6c62b5b42c1ab7d4f238e42aed2ab4eda20352a7e,0.183840799,0.194005186,0000
376,001a,0010,e3b0c44298fc1c149afbf4c8996fb92427ae41e4649b934ca495991b7852b855,e3b0c44298fc1c149afbf4c8996fb92427ae41e4649b934ca495991b7852b855,b8f8b900bc2f36d73e71edb4bcc0d91c25259c31f19df5ce1858bc3b4be2851f,943360a9a5818959e33aa851d0ac4831c347ca8ca4b98b4e7e95a6abb99fcb34,e010ed09d4baf4ac5efe240fbdd22264e7caf3784e7fd56d689fc430610e13cc,0d3eb13046a372114ff88ccf4c3705c1d86a0f99f77e3dd055114c14340c20d3,15e2090dbe3cf32cb3d17b7f1b3862aa3a84aa72e7e4432c0b4755e42de1187f,13d05fcfbfc35cfa407969489a8ef4f708fbff9baab7810be5a02ec9ba0468a0,0.183946126,0.195152382,0000
377,001a,0010,e3b0c44298fc1c149afbf4c8996fb92427ae41e4649b934ca495991b7852b855,e3b0c44298fc1c149afbf4c8996fb92427ae41e4649b934ca495991b7852b855,7ade21300be2a37ae12c1e8950c1ccfd829a103474fa472729ce1eead67e746e,943360a9a5818959e33aa851d0ac4831c347ca8ca4b98b4e7e95a6abb99fcb34,e010ed09d4baf4ac5efe240fbdd22264e7caf3784e7fd56d689fc430610e13cc,0d3eb13046a372114ff88ccf4c3705c1d86a0f99f77e3dd055114c14340c20d3,8fdfca51d91a63a74f0aa6f5b2d05b5050fcc84fe27148f280833c595b0be2e5,83f7c4791be6cc9048d5f017d04e07f8275faf4ea42f98a923e2b8c72cb3361a,0.183820563,0.194945574,0000
378,001a,0010,e3b0c44298fc1c149afbf4c8996fb92427ae41e4649b934ca495991b7852b855,e3b0c44298fc1c149afbf4c8996fb92427ae41e4649b934ca495991b7852b855,a6bc87a20384a3916f2ac2c3eb49d06aa3788d03a881be6b70dc01e2738ecfd7,943360a9a5818959e33aa851d0ac4831c347ca8ca4b98b4e7e95a6abb99fcb34,e010ed09d4baf4ac5efe240fbdd22264e7caf3784e7fd56d689fc430610e13cc,0d3eb13046a372114ff88ccf4c3705c1d86a0f99f77e3dd055114c14340c20d3,dc1d3cb4d4e1d2b5d71acebc3e418444a8c4ea48298f2b7fbb8068b57b29c469,04b635043363a19f74e194c2968657c262b9c1bb47bd0cb7c59ae2838d93ebcc,0.183944392,0.196274563,0000
379,001a,0010,e3b0c44298fc1c149afbf4c8996fb92427ae41e4649b934ca495991b7852b855,e3b0c44298fc1c149afbf4c8996fb92427ae41e4649b934ca495991b7852b855,f3e6051cd311054ad4a2e55f95e8ad42bc7a34fe7bb3437ebbf369a21853d1ff,943360a9a5818959e33aa851d0ac4831c347ca8ca4b98b4e7e95a6abb99fcb34,e010ed09d4baf4ac5efe240fbdd22264e7caf3784e7fd56d689fc430610e13cc,0d3eb13046a372114ff88ccf4c3705c1d86a0f99f77e3dd055114c14340c20d3,28f11ee3bca2a5c9b841c3690e279d8befda9725b1727ae7731e002b2e2acea5,8b3bd5d63152a1e400c1783510f7b941926537fe6748149226cb4f93dbe676a8,0.183846148,0.195044189,0000
380,001a,0010,e3b0c44298fc1c149afbf4c8996fb92427ae41e4649b934ca495991b7852b855,e3b0c44298fc1c149afbf4c8996fb92427ae41e4649b934ca495991b7852b855,f0cec18fbdbd6dcbe34d9d7427fdf7379280b03b34287bf86f5c10a210ca5630,943360a9a5818959e33aa851d0ac4831c347ca8ca4b98b4e7e95a6abb99fcb34,e010ed09d4baf4ac5efe240fbdd22264e7caf3784e7fd56d689fc430610e13cc,0d3eb13046a372114ff88ccf4c3705c1d86a0f99f77e3dd055114c14340c20d3,56ef6dc7bb826d8ac4a2e6778a390d820719e1916670fb7a39e180b3027c65e4,05793042688ed381579e5558bb10991b25e882ab7fa32977d2b3cf8f8aba5fdd,0.183978913,0.196066995,0000
381,001a,0010,e3b0c44298fc1c149afbf4c8996fb92427ae41e4649b934ca495991b7852b855,e3b0c44298fc1c149afbf4c8996fb92427ae41e4649b934ca495991b7852b855,61ad939eafaecaa9d73a26569f8d3ebb5a65ecd81a664ba69c7264d04d1f5ab8,943360a9a5818959e33aa851d0ac4831c347ca8ca4b98b4e7e95a6abb99fcb34,e010ed09d4baf4ac5efe240fbdd22264e7caf3784e7fd56d689fc430610e13cc,0d3eb13046a372114ff88ccf4c3705c1d86a0f99f77e3dd055114c14340c20d3,70e283158b67851a021f152bc818aea03a036b03edbb3ca2ef40268f0cef7dd5,3ccc682941b62a472c1c09087c0af74c27d2cfe062f43db577089682ebac3fe0,0.183982012,0.196095139,0000
382,001a,0010,e3b0c44298fc1c149afbf4c8996fb92427ae41e4649b934ca495991b7852b855,e3b0c44298fc1c149afbf4c8996fb92427ae41e4649b934ca495991b7852b855,14e4e3d748b7ebe0d1be43d90995539f31629105813913bc5172051f7ef67ad7,943360a9a5818959e33aa851d0ac4831c347ca8ca4b98b4e7e95a6abb99fcb34,e010ed09d4baf4ac5efe240fbdd22264e7caf3784e7fd56d689fc430610e13cc,0d3eb13046a372114ff88ccf4c3705c1d86a0f99f77e3dd055114c14340c20d3,7f306b5de510343d1740b6462b69f51c42d843961f4bd38bf4a761610cf1845e,b30f81c439cdcaa03554b82c41a8d45bf99cb595bb105b6c860a7c7bd0029ee8,0.183943193,0.195011226,0000
383,001a,0010,e3b0c44298fc1c149afbf4c8996fb92427ae41e4649b934ca495991b7852b855,e3b0c44298fc1c149afbf4c8996fb92427ae41e4649b934ca495991b7852b855,4515d97972f7ce670f548ddbaa64ecedaa9e27c246b8b3f06bd889130065152c,943360a9a5818959e33aa851d0ac4831c347ca8ca4b98b4e7e95a6abb99fcb34,e010ed09d4baf4ac5efe240fbdd22264e7caf3784e7fd56d689fc430610e13cc,0d3eb13046a372114ff88ccf4c3705c1d86a0f99f77e3dd055114c14340c20d3,15cbae55c590861945c0bc47ee7677561d271557bcac863521f4447de98c4b33,c1a3abc058090f95cb8744244a096033412a52db1491a755342e5f1f02da04ad,0.183757654,0.195048076,0000
384,001a,0010,e3b0c44298fc1c149afbf4c8996fb92427ae41e4649b934ca495991b7852b855,e3b0c44298fc1c149afbf4c8996fb92427ae41e4649b934ca495991b7852b855,2d3af26ffdf2c1b1c25c86a9ef4d67da66ba609c07c548f58db05d117d27a243,943360a9a5818959e33aa851d0ac4831c347ca8ca4b98b4e7e95a6abb99fcb34,e010ed09d4baf4ac5efe240fbdd22264e7caf3784e7fd56d689fc430610e13cc,0d3eb13046a372114ff88ccf4c3705c1d86a0f99f77e3dd055114c14340c20d3,0aceef904de0bb24aac53f311a7ba1723686a40698c38b2f46f43bb1407b43bf,8dcf30f3ffba49306b4706a938a05863ec2235d8071a6ddd829f6a9f2130a2a7,0.185940033,0.194137091,0000
385,001a,0010,e3b0c44298fc1c149afbf4c8996fb92427ae41e4649b934ca495991b7852b855,e3b0c44298fc1c149afbf4c8996fb92427ae41e4649b934ca495991b7852b855,f19fff97ac3da4a350f7bedce008e7a4f2bbec91ddaa507e1ce46279340efbf1,943360a9a5818959e33aa851d0ac4831c347ca8ca4b98b4e7e95a6abb99fcb34,e010ed09d4baf4ac5efe240fbdd22264e7caf3784e7fd56d689fc430610e13cc,0d3eb13046a372114ff88ccf4c3705c1d86a0f99f77e3dd055114c14340c20d3,ad61ad24b44096cc41c8f213a8fd9cbcefc38d597aaff2a8a74d3a4f333be92b,3fd86ffe9c4a8b86d18713b6944b6e0d5a882c3eb15d73fc03e793899f04dc1e,0.183720353,0.195149453,0000
386,001a,0010,e3b0c44298fc1c149afbf4c8996fb92427ae41e4649b934ca495991b7852b855,e3b0c44298fc1c149afbf4c8996fb92427ae41e4649b934ca495991b7852b855,a43249087d0e1cb95556f63cc00f9546de9978065b7dd0055d839d2e43b7599d,943360a9a5818959e33aa851d0ac4831c347ca8ca4b98b4e7e95a6abb99fcb34,e010ed09d4baf4ac5efe240fbdd22264e7caf3784e7fd56d689fc430610e13cc,0d3eb13046a372114ff88ccf4c3705c1d86a0f99f77e3dd055114c14340c20d3,136637f58b258bea553dc4d6d4c322fc837af0c4a83303aefe798bba00130bce,596a4418da09870519c1e9b2f183c7db40e14f6d1baeb7cdcf739947bd5acae5,0.183944357,0.196271392,0000
387,001a,0010,e3b0c44298fc1c149afbf4c8996fb92427ae41e4649b934ca495991b7852b855,e3b0c44298fc1c149afbf4c8996fb92427ae41e4649b934ca495991b7852b855,d1ab5cef1653d5c08ca02f13ebbef24ae0ddf675308e642555d38dbcfad3f933,943360a9a5818959e33aa851d0ac4831c347ca8ca4b98b4e7e95a6abb99fcb34,e010ed09d4baf4ac5efe240fbdd22264e7caf3784e7fd56d689fc430610e13cc,0d3eb13046a372114ff88ccf4c3705c1d86a0f99f77e3dd055114c14340c20d3,9617b460491cd668dbbb493d3dcf9c54681c04ceaea549836aff61333f5a67ee,96957004d04db896a12cbb31882f2b7a71912037ea9206b489927dedf1e4051a,0.186139872,0.194852349,0000
388,001a,0010,e3b0c44298fc1c149afbf4c8996fb92427ae41e4649b934ca495991b7852b855,e3b0c44298fc1c149afbf4c8996fb92427ae41e4649b934ca495991b7852b855,0d29fc2c3431ce4232a218c7120ac326b9755967ef164212fec9e2df03c4977a,943360a9a5818959e33aa851d0ac4831c347ca8ca4b98b4e7e95a6abb99fcb34,e010ed09d4baf4ac5efe240fbdd22264e7caf3784e7fd56d689fc430610e13cc,0d3eb13046a372114ff88ccf4c3705c1d86a0f99f77e3dd055114c14340c20d3,285dcfe2794e3b42cc757a005a9c285608abda7313dcfb7ae45bb640c5cc1e99,368c3f6c620e1d6e6dcb939a43deb98dde728d539634958f47bf9e644fe3ba4a,0.183839770,0.195045817,0000
389,001a,0010,e3b0c44298fc1c149afbf4c8996fb92427ae41e4649b934ca495991b7852b855,e3b0c44298fc1c149afbf4c8996fb92427ae41e4649b934ca495991b7852b855,afa4c9d5af35b929ab13e3ed2c313f6cdaeace47df48d43aae0939e73a47c951,943360a9a5818959e33aa851d0ac4831c347ca8ca4b98b4e7e95a6abb99fcb34,e010ed09d4baf4ac5efe240fbdd22264e7caf3784e7fd56d689fc430610e13cc,0d3eb13046a372114ff88ccf4c3705c1d86a0f99f77e3dd055114c14340c20d3,9d2cfd0b5e92fb191c1cf7e5e294b4af55b8b40bbb837d2edddac02a31f029dc,49a758cb6b829ac709f189035b3f7fd2d4134f853bff7707e4c0ce89ceb848bd,0.183837973,0.195153888,0000
390,001a,0010,e3b0c44298fc1c149afbf4c8996fb92427ae41e4649b934ca495991b7852b855,e3b0c44298fc1c149afbf4c8996fb92427ae41e4649b934ca495991b7852b855,70c27d1bc88c167a62f3f42a3629ff616e074a45d9bc39fd8f47d20aaed25a90,943360a9a5818959e33aa851d0ac4831c347ca8ca4b98b4e7e95a6abb99fcb34,e010ed09d4baf4ac5efe240fbdd22264e7caf3784e7fd56d689fc430610e13cc,0d3eb13046a372114ff88ccf4c3705c1d86a0f99f77e3dd055114c14340c20d3,fdc5d7dca594886a9319bcf11e30d3a37f01f2602be14c4d5a56846b95ac59c3,fcaf27f5fb330555525721e9d18d82f95f10a66fb7e6fb7f7433025b0c390790,0.183941758,0.195051627,0000
391,001a,0010,e3b0c44298fc1c149afbf4c8996fb92427ae41e4649b934ca495991b7852b855,e3b0c44298fc1c149afbf4c8996fb92427ae41e4649b934ca495991b7852b855,51c698eb10b908b585f8571bfefa600a22b3e42e7a61aa021127341d7fdcc800,943360a9a5818959e33aa851d0ac4831c347ca8ca4b98b4e7e95a6abb99fcb34,e010ed09d4baf4ac5efe240fbdd22264e7caf3784e7fd56d689fc430610e13cc,0d3eb13046a372114ff88ccf4c3705c1d86a0f99f77e3dd055114c14340c20d3,e0ec9e619ff4688c450cf2d9e218c6bab3a7638adb8ba08587e028cb561c7519,f2d653d5943a92ee39a285f312baa0e678f81e02ea18a0b39ed4bddba5ef6767,0.183947236,0.194043070,0000
392,001a,0010,e3b0c44298fc1c149afbf4c8996fb92427ae41e4649b934ca495991b7852b855,e3b0c44298fc1c149afbf4c8996fb92427ae41e4649b934ca495991b7852b855,79ac1ec47d8366ede4cfc4695889494f98392e6cf24bcd6fc0935ba222200443,943360a9a5818959e33aa851d0ac4831c347ca8ca4b98b4e7e95a6abb99fcb34,e010ed09d4baf4ac5efe240fbdd22264e7caf3784e7fd56d689fc430610e13cc,0d3eb13046a372114ff88ccf4c3705c1d86a0f99f77e3dd055114c14340c20d3,4ad7a90879733256b8e1267baeda609dad3c61e48f298ee9a728fefd09e4264f,7618af36c7a3bf0c8b59bbebc64236755110eda22a60095a7f5e523165b2f98c,0.185945252,0.195050079,0000
393,001a,0010,e3b0c44298fc1c149afbf4c8996fb92427ae41e4649b934ca495991b7852b855,e3b0c44298fc1c149afbf4c8996fb92427ae41e4649b934ca495991b7852b855,d0f33c1f6488fb5b3bfd1f009550c3e1e2eb0d6eec718fdae261f4a2d50e194f,943360a9a5818959e33aa851d0ac4831c347ca8ca4b98b4e7e95a6abb99fcb34,e010ed09d4baf4ac5efe240fbdd22264e7caf3784e7fd56d689fc430610e13cc,0d3eb13046a372114ff88ccf4c3705c1d86a0f99f77e3dd055114c14340c20d3,0db56722d6d2d60803bd1e7c7b533e771e4b27c3a164caff9b0b695e8c13a1e9,910ccb34502c68300226027974913b6ea3ec69b7d67dc350037661edca93b5d0,0.183910649,0.195185689,0000
394,001a,0010,e3b0c44298fc1c149afbf4c8996fb92427ae41e4649b934ca495991b7852b855,e3b0c44298fc1c149afbf4c8996fb92427ae41e4649b934ca495991b7852b855,0288a0440a70cf76621f22bcbb8617b75d880ed1579d99e7694f0a11525becf7,943360a9a5818959e33aa851d0ac4831c347ca8ca4b98b4e7e95a6abb99fcb34,e010ed09d4baf4ac5efe240fbdd22264e7caf3784e7fd56d689fc430610e13cc,0d3eb13046a372114ff88ccf4c3705c1d86a0f99f77e3dd055114c14340c20d3,bfed651f884a55811557e7c96c83802bf2cfc9857e5cf3d48549d84367a9b911,2850e819987c62c91fa5ac0ff70756ac189471c605ff7d42d8d84d4b49625fd2,0.183941734,0.195046522,0000
395,001a,0010,e3b0c44298fc1c149afbf4c8996fb92427ae41e4649b934ca495991b7852b855,e3b0c44298fc1c149afbf4c8996fb92427ae41e4649b934ca495991b7852b855,c7b1c7d4285eb9d66c43c865b20996142859694fd08b90ca67efdec2df41a6dc,943360a9a5818959e33aa851d0ac4831c347ca8ca4b98b4e7e95a6abb99fcb34,e010ed09d4baf4ac5efe240fbdd22264e7caf3784e7fd56d689fc430610e13cc,0d3eb13046a372114ff88ccf4c3705c1d86a0f99f77e3dd055114c14340c20d3,efa2360a0219f5ca8541b85a8e9b0ff346df9d71785cb92144027f6ff701f2a4,c43d1ca906c239d5cc779c83bfa6e7d9380f537a1d18ddc037161e6f186d221a,0.183824850,0.194946758,0000
396,001a,0010,e3b0c44298fc1c149afbf4c8996fb92427ae41e4649b934ca495991b7852b855,e3b0c44298fc1c149afbf4c8996fb92427ae41e4649b934ca495991b7852b855,9327b31408c359ef51af04ddbbd03301d2ee81be97e5fcae332e1eedebf7f329,943360a9a5818959e33aa851d0ac4831c347ca8ca4b98b4e7e95a6abb99fcb34,e010ed09d4baf4ac5efe240fbdd22264e7caf3784e7fd56d689fc430610e13cc,0d3eb13046a372114ff88ccf4c3705c1d86a0f99f77e3dd055114c14340c20d3,991ff9c6712f1234585088b34813dc3a50fb96837b48b377f03fdb0bf6e8df15,57ab57e86b515cb537a7c09b2cefed3c061718362766d91889c8da2ece6df229,0.183842189,0.196270215,0000
397,001a,0010,e3b0c44298fc1c149afbf4c8996fb92427ae41e4649b934ca495991b7852b855,e3b0c44298fc1c149afbf4c8996fb92427ae41e4649b934ca495991b7852b855,69c9db3e45c171d9c0fe2089143d74f17d1777a80f3cc25ea5286586b312ce17,943360a9a5818959e33aa851d0ac4831c347ca8ca4b98b4e7e95a6abb99fcb34,e010ed09d4baf4ac5efe240fbdd22264e7caf3784e7fd56d689fc430610e13cc,0d3eb13046a372114ff88ccf4c3705c1d86a0f99f77e3dd055114c14340c20d3,ae8d0c136207d2c1b21d0685dc4922a60d82939955574550c4ed6fa99bbd1029,0d6c7ead841e1ea6f277b1904aae2111b7a712f8be48817e4e904fbf4c5364b9,0.183951691,0.196045565,0000
398,001a,0010,e3b0c44298fc1c149afbf4c8996fb92427ae41e4649b934ca495991b7852b855,e3b0c44298fc1c149afbf4c8996fb92427ae41e4649b934ca495991b7852b855,9589932bd63cd1e6124a9a9c78b8466e3bd9cb26996c6eaf442aeaec3f2ef827,943360a9a5818959e33aa851d0ac4831c347ca8ca4b98b4e7e95a6abb99fcb34,e010ed09d4baf4ac5efe240fbdd22264e7caf3784e7fd56d689fc430610e13cc,0d3eb13046a372114ff88ccf4c3705c1d86a0f99f77e3dd055114c14340c20d3,5a9122477c405a326068d86ebb870e599fb3fb58546504b5f38ba229b7d158ef,d9165d84446de5a9bd521a8b0ac1a8a861bb5871a0d5080e84a047706ad3231d,0.183851585,0.195041869,0000
399,001a,0010,e3b0c44298fc1c149afbf4c8996fb92427ae41e4649b934ca495991b7852b855,e3b0c44298fc1c149afbf4c8996fb92427ae41e4649b934ca495991b7852b855,5b4ef9554cb54aa779d58f270639e01cdc13657da8082e3242e031250ac06aa1,943360a9a5818959e33aa851d0ac4831c347ca8ca4b98b4e7e95a6abb99fcb34,e010ed09d4baf4ac5efe240fbdd22264e7caf3784e7fd56d689fc430610e13cc,0d3eb13046a372114ff88ccf4c3705c1d86a0f99f77e3dd055114c14340c20d3,7a621c851059f454278d54c66669e5c78025a0eab40159d6fc0a441734234854,1e7931907957ff336614bed7b003cbffd3b42ab98b291cde232d08f1b1ad7cc9,0.184054408,0.194139192,0000
400,001a,0010,e3b0c44298fc1c149afbf4c8996fb92427ae41e4649b934ca495991b7852b855,e3b0c44298fc1c149afbf4c8996fb92427ae41e4649b934ca495991b7852b855,c34840751cc200b33bf5721b2247bfb9011a4e70d72799cd2f49acba932084e2,943360a9a5818959e33aa851d0ac4831c347ca8ca4b98b4e7e95a6abb99fcb34,e010ed09d4baf4ac5efe240fbdd22264e7caf3784e7fd56d689fc430610e13cc,0d3eb13046a372114ff88ccf4c3705c1d86a0f99f77e3dd055114c14340c20d3,23b5835e3743f4249859b1d984ade2a51d4d42fdc58868838d335a36b4722eb6,867952a517736ecfd195065be021f4a9b308ef031f5e9513b5a88c82837cca44,0.185936331,0.195073575,0000
401,001a,0010,e3b0c44298fc1c149afbf4c8996fb92427ae41e4649b934ca495991b7852b855,e3b0c44298fc1c149afbf4c8996fb92427ae41e4649b934ca495991b7852b855,d4151600807ed0d3517d11b87966ae581ca4abc36ff698b758ead3ca91082049,943360a9a5818959e33aa851d0ac4831c347ca8ca4b98b4e7e95a6abb99fcb34,e010ed09d4baf4ac5efe240fbdd22264e7caf3784e7fd56d689fc430610e13cc,0d3eb13046a372114ff88ccf4c3705c1d86a0f99f77e3dd055114c14340c20d3,e59f30fd729c1d921f66537b0ee79d7ab451f612f5f81e999739d1077c2d4a9e,953a91c53c43c12997b32771243705d39fa74d85e67f7199ddc6c52ea84e54fb,0.185820892,0.194924117,0000
402,001a,0010,e3b0c44298fc1c149afbf4c8996fb92427ae41e4649b934ca495991b7852b855,e3b0c44298fc1c149afbf4c8996fb92427ae41e4649b934ca495991b7852b855,43ce32ab164add6e2afa183b47d6872aaf103140e7fc47b5194d7d46d099eeb3,943360a9a5818959e33aa851d0ac4831c347ca8ca4b98b4e7e95a6abb99fcb34,e010ed09d4baf4ac5efe240fbdd22264e7caf3784e7fd56d689fc430610e13cc,0d3eb13046a372114ff88ccf4c3705c1d86a0f99f77e3dd055114c14340c20d3,b336487d4d743b71d9e1a0d8d9eba3a1a4d8bd3cbfc845b6ee74499c374c6640,9bd636c87b42aed59db16e7f9cab1adf0f18670167721690f37553408e9df0be,0.183827440,0.196167882,0000
403,001a,0010,e3b0c44298fc1c149afbf4c8996fb92427ae41e4649b934ca495991b7852b855,e3b0c44298fc1c149afbf4c8996fb92427ae41e4649b934ca495991b7852b855,4fb09aeb1d0c207f7d942c2ca9a0396e7c47d13bd9468756f100c0b234c114ba,943360a9a5818959e33aa851d0ac4831c347ca8ca4b98b4e7e95a6abb99fcb34,e010ed09d4baf4ac5efe240fbdd22264e7caf3784e7fd56d689fc430610e13cc,0d3eb13046a372114ff88ccf4c3705c1d86a0f99f77e3dd055114c14340c20d3,8b2d0b7027693f97e5114408dc70989269e69e88747fde52451b1218d42229a3,7c40d3e5cf95f089b4d38b5f08d3d0064a6ddcbb58c692845ca8300c85519c09,0.184051486,0.194164442,0000
404,001a,0010,e3b0c44298fc1c149afbf4c8996fb92427ae41e4649b934ca495991b7852b855,e3b0c44298fc1c149afbf4c8996fb92427ae41e4649b934ca495991b7852b855,8e3a2e5d909f9f707b039e5de3ed3267fc92d56aed2ff9ca24661a47033e165b,943360a9a5818959e33aa851d0ac4831c347ca8ca4b98b4e7e95a6abb99fcb34,e010ed09d4baf4ac5efe240fbdd22264e7caf3784e7fd56d689fc430610e13cc,0d3eb13046a372114ff88ccf4c3705c1d86a0f99f77e3dd055114c14340c20d3,bb9543275347051c5d22828c47342274305c29340ee97fb95cea173898ebd05b,ba63e4b6713c07e29014773930d9d687e9457b364b6749155443c81e7f7277f6,0.183929022,0.195063271,0000
405,001a,0010,e3b0c44298fc1c149afbf4c8996fb92427ae41e4649b934ca495991b7852b855,e3b0c44298fc1c149afbf4c8996fb92427ae41e4649b934ca495991b7852b855,40b1ff07ba936b13d369a4e8af65f2767de5509901de459cb1f526d1c86ca14b,943360a9a5818959e33aa851d0ac4831c347ca8ca4b98b4e7e95a6abb99fcb34,e010ed09d4baf4ac5efe240fbdd22264e7caf3784e7fd56d689fc430610e13cc,0d3eb13046a372114ff88ccf4c3705c1d86a0f99f77e3dd055114c14340c20d3,873ae770f3ee527a9e264680fa0e09cf96e84270dfee69328ad89c7ddb77170f,6df3708c51b8b2acfd3e10cbfb3a7a1f0ccaba4053d4bd481f3415d30d77802c,0.186037211,0.194849534,0000
406,001a,0010,e3b0c44298fc1c149afbf4c8996fb92427ae41e4649b934ca495991b7852b855,e3b0c44298fc1c149afbf4c8996fb92427ae41e4649b934ca495991b7852b855,58cd766ef2426024f6beda4a868717c74a0e14f043a9ba7b8c9f22ecf625ca41,943360a9a5818959e33aa851d0ac4831c347ca8ca4b98b4e7e95a6abb99fcb34,e010ed09d4baf4ac5efe240fbdd22264e7caf3784e7fd56d689fc430610e13cc,0d3eb13046a372114ff88ccf4c3705c1d86a0f99f77e3dd055114c14340c20d3,cfde07d5ed065326acb4fe150e2fdfb2143c810ddd382e52f67d1a61b64f4a68,10afc7a96ac947a5b92d06d4ecc81716f676574f48d2d0a55a43e0d6a937f161,0.183948138,0.196045357,0000
407,001a,0010,e3b0c44298fc1c149afbf4c8996fb92427ae41e4649b934ca495991b7852b855,e3b0c44298fc1c149afbf4c8996fb92427ae41e4649b934ca495991b7852b855,efeada1b47531875d86fadcdf6a43bd0c3cb505d74d3d05e55838375e7353d01,943360a9a5818959e33aa851d0ac4831c347ca8ca4b98b4e7e95a6abb99fcb34,e010ed09d4baf4ac5efe240fbdd22264e7caf3784e7fd56d689fc430610e13cc,0d3eb13046a372114ff88ccf4c3705c1d86a0f99f77e3dd055114c14340c20d3,fe4bc00aaf4636306438f1a73692ae3cce196a64ba35c9679f36c83f71f77dce,6820a5dde652834151d056e0f7319bb0a98851f15a16a2f61742bb11c31479c3,0.184052741,0.195045026,0000
408,001a,0010,e3b0c44298fc1c149afbf4c8996fb92427ae41e4649b934ca495991b7852b855,e3b0c44298fc1c149afbf4c8996fb92427ae41e4649b934ca495991b7852b855,6c5d06948108d63b8272f5f72ddce9fba1e6dcc5bdcb6ba6ef15c8f6c9ba9b8b,943360a9a5818959e33aa851d0ac4831c347ca8ca4b98b4e7e95a6abb99fcb34,e010ed09d4baf4ac5efe240fbdd22264e7caf3784e7fd56d689fc430610e13cc,0d3eb13046a372114ff88ccf4c3705c1d86a0f99f77e3dd055114c14340c20d3,a9a883a4f789d35543bc1c0d9cf512432d9f7d0e1d4f91ebcf984338601d7fcc,f95b50a315bdf51b9e27ff0aad79979eb52efd10ca551960e416f9e6425f5802,0.183826445,0.194939855,0000
409,001a,0010,e3b0c44298fc1c149afbf4c8996fb92427ae41e4649b934ca495991b7852b855,e3b0c44298fc1c149afbf4c8996fb92427ae41e4649b934ca495991b7852b855,e7e360bca68916b88d3d1f7cb0749f25ef59467db09f2046487018066903ae41,943360a9a5818959e33aa851d0ac4831c347ca8ca4b98b4e7e95a6abb99fcb34,e010ed09d4baf4ac5efe240fbdd22264e7caf3784e7fd56d689fc430610e13cc,0d3eb13046a372114ff88ccf4c3705c1d86a0f99f77e3dd055114c14340c20d3,dc7dc7256ba91981f3155d02dc40fd3312ab3aad7a8e9bb651231fb0a5c62aae,47ce6a7a5b04da38d16bb2e965ea8755b4d6b04a934c36acec6d9c2fb82e75e1,0.183860760,0.194272383,0000
410,001a,0010,e3b0c44298fc1c149afbf4c8996fb92427ae41e4649b934ca495991b7852b855,e3b0c44298fc1c149afbf4c8996fb92427ae41e4649b934ca495991b7852b855,e2889ba62b8320002d377b6671817b879fb0d4e099a88726b77a6decec656387,943360a9a5818959e33aa851d0ac4831c347ca8ca4b98b4e7e95a6abb99fcb34,e010ed09d4baf4ac5efe240fbdd22264e7caf3784e7fd56d689fc430610e13cc,0d3eb13046a372114ff88ccf4c3705c1d86a0f99f77e3dd055114c14340c20d3,33d8633e99137dcca7a9f3fb54e7711bdc70d9ee6d39c3d6db6bb355bc32ae68,ab668ec779c8bc51f0bc0fbd772744ce72231183c85d4d02aba5d821831079bb,0.184053483,0.196023735,0000
411,001a,0010,e3b0c44298fc1c149afbf4c8996fb92427ae41e4649b934ca495991b7852b855,e3b0c44298fc1c149afbf4c8996fb92427ae41e4649b934ca495991b7852b855,e4e706e1a2525dd46c4f237cf6c47f06d76dab8246f7f5ffb5c1d34ba93f3f0c,943360a9a5818959e33aa851d0ac4831c347ca8ca4b98b4e7e95a6abb99fcb34,e010ed09d4baf4ac5efe240fbdd22264e7caf3784e7fd56d689fc430610e13cc,0d3eb13046a372114ff88ccf4c3705c1d86a0f99f77e3dd055114c14340c20d3,03a404bc8df89569656e8e6747e8f206b4eeba1ecb4e9e6e964447f99da1862c,9416fd2f1601e3414cf6ad80c53746249d6ee73f23e299f01d3dab46acdfcec5,0.184024278,0.194961589,0000
412,001a,0010,e3b0c44298fc1c149afbf4c8996fb92427ae41e4649b934ca495991b7852b855,e3b0c44298fc1c149afbf4c8996fb92427ae41e4649b934ca495991b7852b855,58aa3f1bc80f5c87c244e6f3aed74316b52b9554508058a95b41b933efd094b1,943360a9a5818959e33aa851d0ac4831c347ca8ca4b98b4e7e95a6abb99fcb34,e010ed09d4baf4ac5efe240fbdd22264e7caf3784e7fd56d689fc430610e13cc,0d3eb13046a372114ff88ccf4c3705c1d86a0f99f77e3dd055114c14340c20d3,777619500be97a1872071c4f4aabde1244c61bd033e2925c1b4019df4bf06260,7dd692bf9267bf7564c86d1f97e30e73aab0bc1e91f0c03f6fb8a1ed64baee44,0.183835552,0.195055275,0000
413,001a,0010,e3b0c44298fc1c149afbf4c8996fb92427ae41e4649b934ca495991b7852b855,e3b0c44298fc1c149afbf4c8996fb92427ae41e4649b934ca495991b7852b855,a6789d0cdf6cb85b074c627ee193f88fb90e23159f3c93086bad70d1fa14c820,943360a9a5818959e33aa851d0ac4831c347ca8ca4b98b4e7e95a6abb99fcb34,e010ed09d4baf4ac5efe240fbdd22264e7caf3784e7fd56d689fc430610e13cc,0d3eb13046a372114ff88ccf4c3705c1d86a0f99f77e3dd055114c14340c20d3,5f2e5f909abd8841465a3aec71c3b081b9396f78f3bf397a224ce96e8406d4f5,fc6cde89ace3c9d1632f4178a57aa029d60da271b8db740c075f116d78b22283,0.184944580,0.195151579,0000
414,001a,0010,e3b0c44298fc1c149afbf4c8996fb92427ae41e4649b934ca495991b7852b855,e3b0c44298fc1c149afbf4c8996fb92427ae41e4649b934ca495991b7852b855,5f401f093b77276d69f5ca7f11b414dc213e9aa5b18409f5b831dd32e1639589,943360a9a5818959e33aa851d0ac4831c347ca8ca4b98b4e7e95a6abb99fcb34,e010ed09d4baf4ac5efe240fbdd22264e7caf3784e7fd56d689fc430610e13cc,0d3eb13046a372114ff88ccf4c3705c1d86a0f99f77e3dd055114c14340c20d3,32991feff07b6c5fc2bf78c09fd93f3c8e91291792537a3937dd2fde46564264,4720ceb4d3455885566c9333a1bc0888bfc92c4f2c24e4d454a6b1a2708c7e7c,0.184048353,0.194943251,0000
415,001a,0010,e3b0c44298fc1c149afbf4c8996fb92427ae41e4649b934ca495991b7852b855,e3b0c44298fc1c149afbf4c8996fb92427ae41e4649b934ca495991b7852b855,512ebe35cc5e543379e659bae9bfaa6ce2b8f8db5198ad7c5efe290b2b9fe63c,943360a9a5818959e33aa851d0ac4831c347ca8ca4b98b4e7e95a6abb99fcb34,e010ed09d4baf4ac5efe240fbdd22264e7caf3784e7fd56d689fc430610e13cc,0d3eb13046a372114ff88ccf4c3705c1d86a0f99f77e3dd055114c14340c20d3,1089107696af49dcb4752e79e85ff7789b17c69727fb179138fec4a700180f4d,5e5439d097eed10d58c078eef3ede79f0304c05760722e74055a87b68b5957b9,0.183946230,0.193944778,0000
416,001a,0010,e3b0c44298fc1c149afbf4c8996fb92427ae41e4649b934ca495991b7852b855,e3b0c44298fc1c149afbf4c8996fb92427ae41e4649b934ca495991b7852b855,a7d35d797a1685d6ba32308e126ace71dddf49df5ada780b4f7f2ce0f867c800,943360a9a5818959e33aa851d0ac4831c347ca8ca4b98b4e7e95a6abb99fcb34,e010ed09d4baf4ac5efe240fbdd22264e7caf3784e7fd56d689fc430610e13cc,0d3eb13046a372114ff88ccf4c3705c1d86a0f99f77e3dd055114c14340c20d3,c3c71a8d46e9b2390a9b0c5786d6fdc86f5e6af2dd490f70452ae36d84ec9c65,7bf5c5ebb76130f8fd6654f573205c39150b6dffc5718a9cdc99c08686d14760,0.183841463,0.196152032,0000
417,001a,0010,e3b0c44298fc1c149afbf4c8996fb92427ae41e4649b934ca495991b7852b855,e3b0c44298fc1c149afbf4c8996fb92427ae41e4649b934ca495991b7852b855,18ff92839f96f906a07c4e7548d2a64458f4fe22d11f0c1ec280c174984b42aa,943360a9a5818959e33aa851d0ac4831c347ca8ca4b98b4e7e95a6abb99fcb34,e010ed09d4baf4ac5efe240fbdd22264e7caf3784e7fd56d689fc430610e13cc,0d3eb13046a372114ff88ccf4c3705c1d86a0f99f77e3dd055114c14340c20d3,762a4d825a39ba4b61ef2da85dabb1508ab741d3ce551b7eccdbd0d7d71502bd,e40c30f9c07aaf89f46a9dee1a43db9361bbf294112c55f24e63c939ea6f01e3,0.183968379,0.196147790,0000
418,001a,0010,e3b0c44298fc1c149afbf4c8996fb92427ae41e4649b934ca495991b7852b855,e3b0c44298fc1c149afbf4c8996fb92427ae41e4649b934ca495991b7852b855,13d5cd5ddd5ccb8ac6ee1c0c68b485455b9f86370c41b7db39bc7ac6faa5bb0c,943360a9a5818959e33aa851d0ac4831c347ca8ca4b98b4e7e95a6abb99fcb34,e010ed09d4baf4ac5efe240fbdd22264e7caf3784e7fd56d689fc430610e13cc,0d3eb13046a372114ff88ccf4c3705c1d86a0f99f77e3dd055114c14340c20d3,72e8fc76706aa1930d9350e2c96aba14542165c28a7738e1277170be7c2944ed,3cd6bb626e4ee9d9ca6b7fe3f139262046e21a9a17b527c5801b8c01f5361af1,0.183722962,0.194023283,0000
419,001a,0010,e3b0c44298fc1c149afbf4c8996fb92427ae41e4649b934ca495991b7852b855,e3b0c44298fc1c149afbf4c8996fb92427ae41e4649b934ca495991b7852b855,4e4af64d70fe5360a223125e6142254cc2918ce9459185272e5f52cbeb3b998a,943360a9a5818959e33aa851d0ac4831c347ca8ca4b98b4e7e95a6abb99fcb34,e010ed09d4baf4ac5efe240fbdd22264e7caf3784e7fd56d689fc430610e13cc,0d3eb13046a372114ff88ccf4c3705c1d86a0f99f77e3dd055114c14340c20d3,5f5d2ccdc314d2acd2b983e4a66b177b83244e257ce2bd9d3756b25e72d2845a,ecd20ee1a2c4cf043f25cee53eab350bdc3bc43aa773dc01fee8e2e0114a3583,0.183949713,0.196165673,0000
420,001a,0010,e3b0c44298fc1c149afbf4c8996fb92427ae41e4649b934ca495991b7852b855,e3b0c44298fc1c149afbf4c8996fb92427ae41e4649b934ca495991b7852b855,34587571397dfbe90c7ca6565f92ae550b7dea071400a5e254da825d8e83fce7,943360a9a5818959e33aa851d0ac4831c347ca8ca4b98b4e7e95a6abb99fcb34,e010ed09d4baf4ac5efe240fbdd22264e7caf3784e7fd56d689fc430610e13cc,0d3eb13046a372114ff88ccf4c3705c1d86a0f99f77e3dd055114c14340c20d3,fc07a0fe92eeb89c523f3cfbaf910d99492fd2d4aa15a729acaa85618ac33acc,ef6fecd014f22c60ab9ec8df6cc8254083e31f44bc79912dba442c211a5f9a5e,0.185948657,0.196041450,0000
421,001a,0010,e3b0c44298fc1c149afbf4c8996fb92427ae41e4649b934ca495991b7852b855,e3b0c44298fc1c149afbf4c8996fb92427ae41e4649b934ca495991b7852b855,319faaf471378c61c6b062126845eb2e4ed2f529f0230a67aeb2186bd1569298,943360a9a5818959e33aa851d0ac4831c347ca8ca4b98b4e7e95a6abb99fcb34,e010ed09d4baf4ac5efe240fbdd22264e7caf3784e7fd56d689fc430610e13cc,0d3eb13046a372114ff88ccf4c3705c1d86a0f99f77e3dd055114c14340c20d3,dc5898fe6328a1ed11d0db0ed188c268512e7b752968b8d276b3d230bca59133,d781268e25ca2f4f7820e008347ff1e3c12026bf2521097eda65f6ff67aa02c2,0.186052712,0.196042023,0000
422,001a,0010,e3b0c44298fc1c149afbf4c8996fb92427ae41e4649b934ca495991b7852b855,e3b0c44298fc1c149afbf4c8996fb92427ae41e4649b934ca495991b7852b855,515b6db651bfc333e6a240e0ce35f5b267816a30db4b99f1fc1ae8a345346bc0,943360a9a5818959e33aa851d0ac4831c347ca8ca4b98b4e7e95a6abb99fcb34,e010ed09d4baf4ac5efe240fbdd22264e7caf3784e7fd56d689fc430610e13cc,0d3eb13046a372114ff88ccf4c3705c1d86a0f99f77e3dd055114c14340c20d3,169aed33487de3bc8615e1d292f831583b1c3308cd595f0748adc6b08ba7a86c,b30ce2b48f10cede76f5b03a61084da5fa8605bf68c46dbd62605fb8071c30d5,0.182939653,0.194947481,0000
423,001a,0010,e3b0c44298fc1c149afbf4c8996fb92427ae41e4649b934ca495991b7852b855,e3b0c44298fc1c149afbf4c8996fb92427ae41e4649b934ca495991b7852b855,2e958d749ddb0b520d840a82a5c315a3caca5f4a0657646bd92424895cea7691,943360a9a5818959e33aa851d0ac4831c347ca8ca4b98b4e7e95a6abb99fcb34,e010ed09d4baf4ac5efe240fbdd22264e7caf3784e7fd56d689fc430610e13cc,0d3eb13046a372114ff88ccf4c3705c1d86a0f99f77e3dd055114c14340c20d3,6f755247c29224a79574e1b9b388dbae3f6f5c723d3ec4dbcbdb55a7da87f551,977f55089ec768ae2c958c1d1697904b19a159e0211b2a9eba82f66f51b96afb,0.183163208,0.195931895,0000
424,001a,0010,e3b0c44298fc1c149afbf4c8996fb92427ae41e4649b934ca495991b7852b855,e3b0c44298fc1c149afbf4c8996fb92427ae41e4649b934ca495991b7852b855,4c524e982f1f3926439d9ddeee3ae88ef2d9ad3c849ae144c717db233d98935d,943360a9a5818959e33aa851d0ac4831c347ca8ca4b98b4e7e95a6abb99fcb34,e010ed09d4baf4ac5efe240fbdd22264e7caf3784e7fd56d689fc430610e13cc,0d3eb13046a372114ff88ccf4c3705c1d86a0f99f77e3dd055114c14340c20d3,57bc9857c91c1629e1f9584ab284fba94dba832fda040fbfa66d4377a845562f,513645e4151e1d904be6ee00def29c1a774efa4a6853b97ef37f9a4bdb49cfbd,0.183048826,0.194939296,0000
425,001a,0010,e3b0c44298fc1c149afbf4c8996fb92427ae41e4649b934ca495991b7852b855,e3b0c44298fc1c149afbf4c8996fb92427ae41e4649b934ca495991b7852b855,dd93b28c7ffad176d295f9d4fc5049afb0193ba300b48b58076d2cde6fb9413b,943360a9a5818959e33aa851d0ac4831c347ca8ca4b98b4e7e95a6abb99fcb34,e010ed09d4baf4ac5efe240fbdd22264e7caf3784e7fd56d689fc430610e13cc,0d3eb13046a372114ff88ccf4c3705c1d86a0f99f77e3dd055114c14340c20d3,2b7cd879c0a2cc7d01078107ff33388efbb7ebb58725c87c3013c222a893b345,42b8c4dfd0ce113c0c79b7131ec82b03fa1bd19470f82a65ccb321a5412c92c2,0.186033802,0.194958459,0000
426,001a,0010,e3b0c44298fc1c149afbf4c8996fb92427ae41e4649b934ca495991b7852b855,e3b0c44298fc1c149afbf4c8996fb92427ae41e4649b934ca495991b7852b855,73b3b06bc4f08ac97fc931ee7ac6303ddac6b981821715f2802e1a466737ab9e,943360a9a5818959e33aa851d0ac4831c347ca8ca4b98b4e7e95a6abb99fcb34,e010ed09d4baf4ac5efe240fbdd22264e7caf3784e7fd56d689fc430610e13cc,0d3eb13046a372114ff88ccf4c3705c1d86a0f99f77e3dd055114c14340c20d3,63bea745bd60d0cabc7348fa630447b5eb7e1229dde2024ecaf68cf5f7827501,0cd881f2da12ea75a827f81dc38d665948bb48102cee1413638812c5576b94a7,0.183721080,0.195049601,0000
427,001a,0010,e3b0c44298fc1c149afbf4c8996fb92427ae41e4649b934ca495991b7852b855,e3b0c44298fc1c149afbf4c8996fb92427ae41e4649b934ca495991b7852b855,a9d8cee45970a5ee45741b46fb69f7aa352e1f305de8bc2bbe346f34336446cf,943360a9a5818959e33aa851d0ac4831c347ca8ca4b98b4e7e95a6abb99fcb34,e010ed09d4baf4ac5efe240fbdd22264e7caf3784e7fd56d689fc430610e13cc,0d3eb13046a372114ff88ccf4c3705c1d86a0f99f77e3dd055114c14340c20d3,8b85a443d9d128883a932e2c819f044d2283b28e5a674f9f0ef09892932f6d4a,dee6f3662017074437c99addc1dd73da322e1bf81a00b244b429f7de35278032,0.183842298,0.196199571,0000
428,001a,0010,e3b0c44298fc1c149afbf4c8996fb92427ae41e4649b934ca495991b7852b855,e3b0c44298fc1c149afbf4c8996fb92427ae41e4649b934ca495991b7852b855,ebbc1b5629b9bf6120a3b494902978eb8aca7e9e311b4cdb2cdd8f2519be476b,943360a9a5818959e33aa851d0ac4831c347ca8ca4b98b4e7e95a6abb99fcb34,e010ed09d4baf4ac5efe240fbdd22264e7caf3784e7fd56d689fc430610e13cc,0d3eb13046a372114ff88ccf4c3705c1d86a0f99f77e3dd055114c14340c20d3,8c979677055cb99a1085d345751e371fcdf22fce814c28ab386d9ea1e52a2f00,dff841c1c5ab3cb4ebe30af3572777072eb37a33c2ef3310758c9f8dfa948064,0.186015576,0.196147698,0000
429,001a,0010,e3b0c44298fc1c149afbf4c8996fb92427ae41e4649b934ca495991b7852b855,e3b0c44298fc1c149afbf4c8996fb92427ae41e4649b934ca495991b7852b855,0949060dc5edbbdcba08f6a4a594d50d846097f649d5ee8e74291925b511ecf5,943360a9a5818959e33aa851d0ac4831c347ca8ca4b98b4e7e95a6abb99fcb34,e010ed09d4baf4ac5efe240fbdd22264e7caf3784e7fd56d689fc430610e13cc,0d3eb13046a372114ff88ccf4c3705c1d86a0f99f77e3dd055114c14340c20d3,801a71dfd02b3fb9027a5caad2e323749320907f511f4e8b2428d20be46ee9db,3e3616cfcafca9259f439a4795e11818239e371dc8ca3cebd8b2fab817a57124,0.183948180,0.194944016,0000
430,001a,0010,e3b0c44298fc1c149afbf4c8996fb92427ae41e4649b934ca495991b7852b855,e3b0c44298fc1c149afbf4c8996fb92427ae41e4649b934ca495991b7852b855,7e66b32244c07b2d98852d0c52630877905ad8e35cccdb5e1ec23b9f01c87fd1,943360a9a5818959e33aa851d0ac4831c347ca8ca4b98b4e7e95a6abb99fcb34,e010ed09d4baf4ac5efe240fbdd22264e7caf3784e7fd56d689fc430610e13cc,0d3eb13046a372114ff88ccf4c3705c1d86a0f99f77e3dd055114c14340c20d3,2d810a5b710cc16fa86542df249172f3976ab0e41fdcab2c0eeee7eeba527671,e423a3ff580ab3f1b56d48c6bff3d52d3aef171e2877709f6efdcf7f7ee33e27,0.183842613,0.196153178,0000
431,001a,0010,e3b0c44298fc1c149afbf4c8996fb92427ae41e4649b934ca495991b7852b855,e3b0c44298fc1c149afbf4c8996fb92427ae41e4649b934ca495991b7852b855,e2500da3d95ba32861ef7ed9660e0ec020cc9d5e22ae43d50df531f4a1e88035,943360a9a5818959e33aa851d0ac4831c347ca8ca4b98b4e7e95a6abb99fcb34,e010ed09d4baf4ac5efe240fbdd22264e7caf3784e7fd56d689fc430610e13cc,0d3eb13046a372114ff88ccf4c3705c1d86a0f99f77e3dd055114c14340c20d3,37be6de27cc84a7a7a532b2556e0acfc2690686a78b5e97e6bb5f29e85e7cdaa,e7220d6802670b38cf4abed0b2b17f672d31ac58334fb1a5f406cbf7dacba8b6,0.184052857,0.194922165,0000
432,001a,0010,e3b0c44298fc1c149afbf4c8996fb92427ae41e4649b934ca495991b7852b855,e3b0c44298fc1c149afbf4c8996fb92427ae41e4649b934ca495991b7852b855,b366c722107277fdf3469fd362cfe66ba65e59a968e3cb4155f9cd6624d00ec8,943360a9a5818959e33aa851d0ac4831c347ca8ca4b98b4e7e95a6abb99fcb34,e010ed09d4baf4ac5efe240fbdd22264e7caf3784e7fd56d689fc430610e13cc,0d3eb13046a372114ff88ccf4c3705c1d86a0f99f77e3dd055114c14340c20d3,467b30b885116787981a0f416b224ef3c681526c073754e6a01643913b4e86e2,47f37353becf3d4350e54231b41e3a97ae102bc1255ae861624cca6549f5ac1c,0.184050768,0.196057519,0000
433,001a,0010,e3b0c44298fc1c149afbf4c8996fb92427ae41e4649b934ca495991b7852b855,e3b0c44298fc1c149afbf4c8996fb92427ae41e4649b934ca495991b7852b855,f51ee4d861d682044b23a0d4583601bf0cc11bb6b3f6f53b076b410adc3af135,943360a9a5818959e33aa851d0ac4831c347ca8ca4b98b4e7e95a6abb99fcb34,e010ed09d4baf4ac5efe240fbdd22264e7caf3784e7fd56d689fc430610e13cc,0d3eb13046a372114ff88ccf4c3705c1d86a0f99f77e3dd055114c14340c20d3,1958dce3931875c4b4f08c1bb59e3b727b8f15df495a45b12d9b7b64eabb6a5c,4fc5879471e39a879deb0453a57e1bfd05ca700b2a24fc051878ccfba92c01f3,0.184069779,0.194944768,0000
434,001a,0010,e3b0c44298fc1c149afbf4c8996fb92427ae41e4649b934ca495991b7852b855,e3b0c44298fc1c149afbf4c8996fb92427ae41e4649b934ca495991b7852b855,0a81d9e02e6f4b40328c332befc522bb7e708b28ce172962afec79a39be11b1e,943360a9a5818959e33aa851d0ac4831c347ca8ca4b98b4e7e95a6abb99fcb34,e010ed09d4baf4ac5efe240fbdd22264e7caf3784e7fd56d689fc430610e13cc,0d3eb13046a372114ff88ccf4c3705c1d86a0f99f77e3dd055114c14340c20d3,36965423eaea1aadbd944246e8639ff8626e034e42e3d6c4e6c2f08eca5c525b,6794dc581df0cb7585359137dd3acbcf2e24d5bafcc005a67a577c7261907eec,0.185834726,0.194914804,0000
435,001a,0010,e3b0c44298fc1c149afbf4c8996fb92427ae41e4649b934ca495991b7852b855,e3b0c44298fc1c149afbf4c8996fb92427ae41e4649b934ca495991b7852b855,4312335fdf2f1c0ff3240cb3049dfdd0a4f6f31f82846a16049c663dc8e398a7,943360a9a5818959e33aa851d0ac4831c347ca8ca4b98b4e7e95a6abb99fcb34,e010ed09d4baf4ac5efe240fbdd22264e7caf3784e7fd56d689fc430610e13cc,0d3eb13046a372114ff88ccf4c3705c1d86a0f99f77e3dd055114c14340c20d3,0fffaf21a84f22d4c1360ed27e843b4c249abd140dd7e25f168b4f3a0cb754c6,f31f73e110c0d2523755e933a5b50816496d67eee0f561dd02a0a7a005bbc799,0.184024139,0.196188633,0000
436,001a,0010,e3b0c44298fc1c149afbf4c8996fb92427ae41e4649b934ca495991b7852b855,e3b0c44298fc1c149afbf4c8996fb92427ae41e4649b934ca495991b7852b855,b28b752f869df26c252f352571d5518c6f00ffabfdbf399495b938d06ddbffc8,943360a9a5818959e33aa851d0ac4831c347ca8ca4b98b4e7e95a6abb99fcb34,e010ed09d4baf4ac5efe240fbdd22264e7caf3784e7fd56d689fc430610e13cc,0d3eb13046a372114ff88ccf4c3705c1d86a0f99f77e3dd055114c14340c20d3,31444b787abcd3c5c1c6ee68065339dd21bd2849b913a998f82b1a124469c605,54622f1157500f10ba168d68e579d2dc537c52ff54fe9ac5f77ad0c304d61d1b,0.183918193,0.194968559,0000
437,001a,0010,e3b0c44298fc1c149afbf4c8996fb92427ae41e4649b934ca495991b7852b855,e3b0c44298fc1c149afbf4c8996fb92427ae41e4649b934ca495991b7852b855,8624f078b8113cad2fe7c3bd4f071342516eb682d78dcea7ab4acd9a53aec104,943360a9a5818959e33aa851d0ac4831c347ca8ca4b98b4e7e95a6abb99fcb34,e010ed09d4baf4ac5efe240fbdd22264e7caf3784e7fd56d689fc430610e13cc,0d3eb13046a372114ff88ccf4c3705c1d86a0f99f77e3dd055114c14340c20d3,6570cca116c294437e971bffa3431ba70b9e73823de3fdf41ac0edb5bc2c5bea,551fdb790c894db26bcb665e50709221ce794d954fc8d286b02fec3f376a8749,0.183948481,0.195050516,0000
438,001a,0010,e3b0c44298fc1c149afbf4c8996fb92427ae41e4649b934ca495991b7852b855,e3b0c44298fc1c149afbf4c8996fb92427ae41e4649b934ca495991b7852b855,b5ab5f3ac83e21ac38b509b98c5cc6002fea94abd2c5da561821ec29b7d0807f,943360a9a5818959e33aa851d0ac4831c347ca8ca4b98b4e7e95a6abb99fcb34,e010ed09d4baf4ac5efe240fbdd22264e7caf3784e7fd56d689fc430610e13cc,0d3eb13046a372114ff88ccf4c3705c1d86a0f99f77e3dd055114c14340c20d3,64360032f266b5451b8495dd9ca6794edf5e8b5252d0b2c130ded9d449fc36e1,63d0a0c8c74d40c011af90aaafe6ab7ed012bd79e105f9fff864697d45aa829c,0.184049806,0.196042039,0000
439,001a,0010,e3b0c44298fc1c149afbf4c8996fb92427ae41e4649b934ca495991b7852b855,e3b0c44298fc1c149afbf4c8996fb92427ae41e4649b934ca495991b7852b855,12fcf87fad5943c342bbab3f5c60f4e4a81d33d9693dd9b68500190b7e2f41a0,943360a9a5818959e33aa851d0ac4831c347ca8ca4b98b4e7e95a6abb99fcb34,e010ed09d4baf4ac5efe240fbdd22264e7caf3784e7fd56d689fc430610e13cc,0d3eb13046a372114ff88ccf4c3705c1d86a0f99f77e3dd055114c14340c20d3,5a03f82e765a231540dd7300d00d615308f6d391c3c3b7637cf15669ce208152,3eee980af45ae3ec63cbb907ecf0e554540229b4a1cd3917f02695be05912468,0.183948478,0.194045390,0000
440,001a,0010,e3b0c44298fc1c149afbf4c8996fb92427ae41e4649b934ca495991b7852b855,e3b0c44298fc1c149afbf4c8996fb92427ae41e4649b934ca495991b7852b855,3b3fe865dfbc61e019ab47740690c3370e6ff323f9cac0bfee4b042790c5114a,943360a9a5818959e33aa851d0ac4831c347ca8ca4b98b4e7e95a6abb99fcb34,e010ed09d4baf4ac5efe240fbdd22264e7caf3784e7fd56d689fc430610e13cc,0d3eb13046a372114ff88ccf4c3705c1d86a0f99f77e3dd055114c14340c20d3,3a3dde5b3bad9467ab634609b5d9c1e5d7a889aab356dfba614607366f767022,18486d25834e078d3ef1ccbe00f3610d4bfd9f92c13e44be6f144a7be8700ed6,0.183850297,0.195045065,0000
441,001a,0010,e3b0c44298fc1c149afbf4c8996fb92427ae41e4649b934ca495991b7852b855,e3b0c44298fc1c149afbf4c8996fb92427ae41e4649b934ca495991b7852b855,9738806b69462be727c7fbe6da7784ef59e8b61ff0398efd57d452ae7ca1b87a,943360a9a5818959e33aa851d0ac4831c347ca8ca4b98b4e7e95a6abb99fcb34,e010ed09d4baf4ac5efe240fbdd22264e7caf3784e7fd56d689fc430610e13cc,0d3eb13046a372114ff88ccf4c3705c1d86a0f99f77e3dd055114c14340c20d3,6e83558a4a272551160286d0df8f44da26be40729a26c90b8920e28288244ff4,57c54ab7abfa7faddb7a2bab3773a7de717ac800f1f3cc5946fae5457f61b9ff,0.183850060,0.195133615,0000
442,001a,0010,e3b0c44298fc1c149afbf4c8996fb92427ae41e4649b934ca495991b7852b855,e3b0c44298fc1c149afbf4c8996fb92427ae41e4649b934ca495991b7852b855,b2e7781a5c7c47323105989a0321568bd82b259b1312ab6bd7ba02460f853f79,943360a9a5818959e33aa851d0ac4831c347ca8ca4b98b4e7e95a6abb99fcb34,e010ed09d4baf4ac5efe240fbdd22264e7caf3784e7fd56d689fc430610e13cc,0d3eb13046a372114ff88ccf4c3705c1d86a0f99f77e3dd055114c14340c20d3,713dafe8fb7ebe9da396180d600321655d425111221b123d2aefbeaf16535237,7b18986e3c49c8462d7211a47f5d7f4f7127e21aabf2d6c2b9883a88fda65f3e,0.184062351,0.195036558,0000
443,001a,0010,e3b0c44298fc1c149afbf4c8996fb92427ae41e4649b934ca495991b7852b855,e3b0c44298fc1c149afbf4c8996fb92427ae41e4649b934ca495991b7852b855,5c37de730e835ee507c153495f2acca50916f600d28e41238bc148cf7c6e33ff,943360a9a5818959e33aa851d0ac4831c347ca8ca4b98b4e7e95a6abb99fcb34,e010ed09d4baf4ac5efe240fbdd22264e7caf3784e7fd56d689fc430610e13cc,0d3eb13046a372114ff88ccf4c3705c1d86a0f99f77e3dd055114c14340c20d3,faec944a93e2f209b920e72b5d7607ee1788a257266d6a27417a3f74f6b7a11a,1bbce5430a3eb06f5b9f8677a17d7c490882c733ad195841ed520c46f9540cc5,0.185945304,0.194940025,0000
444,001a,0010,e3b0c44298fc1c149afbf4c8996fb92427ae41e4649b934ca495991b7852b855,e3b0c44298fc1c149afbf4c8996fb92427ae41e4649b934ca495991b7852b855,c085111368d7af559722dbb7363c54c9b12dd1c8d70065f5cf03224ad7ddcc80,943360a9a5818959e33aa851d0ac4831c347ca8ca4b98b4e7e95a6abb99fcb34,e010ed09d4baf4ac5efe240fbdd22264e7caf3784e7fd56d689fc430610e13cc,0d3eb13046a372114ff88ccf4c3705c1d86a0f99f77e3dd055114c14340c20d3,da1ac8e3f51e30cda0f28a54aedcf1713d2dc1cf3abe1586459ff3c24056207d,01475afd664f767a72b0ab484c6d6767cb63026f42a06ad25f730d8e158bc2b5,0.183826161,0.194046586,0000
445,001a,0010,e3b0c44298fc1c149afbf4c8996fb92427ae41e4649b934ca495991b7852b855,e3b0c44298fc1c149afbf4c8996fb92427ae41e4649b934ca495991b7852b855,3ce3aabe870c3c79e16f005cd68924c562d6d9c8ebbc5eeaed9526a0c05b0712,943360a9a5818959e33aa851d0ac4831c347ca8ca4b98b4e7e95a6abb99fcb34,e010ed09d4baf4ac5efe240fbdd22264e7caf3784e7fd56d689fc430610e13cc,0d3eb13046a372114ff88ccf4c3705c1d86a0f99f77e3dd055114c14340c20d3,c6078ced6484950f3d1f5410f3c867821111aadb66ef5b87410c083e0ce69073,6b35c04ab102e028bfedb7bc4f64a74b4485622abf4af1cde8738fc021705840,0.183951404,0.196162623,0000
446,001a,0010,e3b0c44298fc1c149afbf4c8996fb92427ae41e4649b934ca495991b7852b855,e3b0c44298fc1c149afbf4c8996fb92427ae41e4649b934ca495991b7852b855,3e600666f73b0cece0d4ca274a858cded9ab1b353894615ccee4abe3c5607853,943360a9a5818959e33aa851d0ac4831c347ca8ca4b98b4e7e95a6abb99fcb34,e010ed09d4baf4ac5efe240fbdd22264e7caf3784e7fd56d689fc430610e13cc,0d3eb13046a372114ff88ccf4c3705c1d86a0f99f77e3dd055114c14340c20d3,6672ae2945cbd896fa3339542de5301a9266892caba7d019ff226f7ed7f3581b,414e594f50d6233502fd463626cda42ee9a8c6b6e66e82d2b9268be627ba01a9,0.183173747,0.195923096,0000
447,001a,0010,e3b0c44298fc1c149afbf4c8996fb92427ae41e4649b934ca495991b7852b855,e3b0c44298fc1c149afbf4c8996fb92427ae41e4649b934ca495991b7852b855,266f8b639aed4fc8db0dd3f1504a60e6d624b53766198f8690660e485523ff37,943360a9a5818959e33aa851d0ac4831c347ca8ca4b98b4e7e95a6abb99fcb34,e010ed09d4baf4ac5efe240fbdd22264e7caf3784e7fd56d689fc430610e13cc,0d3eb13046a372114ff88ccf4c3705c1d86a0f99f77e3dd055114c14340c20d3,6ca0502c28f01be63064b19c295940b222c27f10304bac0112814fcd19134945,7b19dfe7c2d8bae43a6fe8e1e5c9c7110b2344521c37302f8bea036475616fa7,0.183162689,0.194825533,0000
448,001a,0010,e3b0c44298fc1c149afbf4c8996fb92427ae41e4649b934ca495991b7852b855,e3b0c44298fc1c149afbf4c8996fb92427ae41e4649b934ca495991b7852b855,920f35aa81ad8f71a7d8df1ff1de7d3fe8910969d2e956688cb85cdf7862c8e7,943360a9a5818959e33aa851d0ac4831c347ca8ca4b98b4e7e95a6abb99fcb34,e010ed09d4baf4ac5efe240fbdd22264e7caf3784e7fd56d689fc430610e13cc,0d3eb13046a372114ff88ccf4c3705c1d86a0f99f77e3dd055114c14340c20d3,267980e78bed91a91197c95c2c1f8f672ecfeb22c11cbc336fc835b3390fdfb7,a110c7536629cbf382b0fdc82f199a4d6edbb504c1f6bea364ae85690937add1,0.183948623,0.195048954,0000
449,001a,0010,e3b0c44298fc1c149afbf4c8996fb92427ae41e4649b934ca495991b7852b855,e3b0c44298fc1c149afbf4c8996fb92427ae41e4649b934ca495991b7852b855,2e38530990dbf1e75a865795c72000ecb3392cb2c13071c058fa893d7dc1a691,943360a9a5818959e33aa851d0ac4831c347ca8ca4b98b4e7e95a6abb99fcb34,e010ed09d4baf4ac5efe240fbdd22264e7caf3784e7fd56d689fc430610e13cc,0d3eb13046a372114ff88ccf4c3705c1d86a0f99f77e3dd055114c14340c20d3,ca0d2faf96d6f885ebb1b5448889c7c7468d6a4997d013fa912de94ab83c2e82,a21baf2eedd65dd5f5709164bb2bb2442486e9a0adab2d45ef0d617aa7451c0e,0.183844100,0.195040965,0000
450,001a,0010,e3b0c44298fc1c149afbf4c8996fb92427ae41e4649b934ca495991b7852b855,e3b0c44298fc1c149afbf4c8996fb92427ae41e4649b934ca495991b7852b855,5409cdb71b0786df3411726ebd3dda3aa814d905d647007eec490e3dbd1d48d1,943360a9a5818959e33aa851d0ac4831c347ca8ca4b98b4e7e95a6abb99fcb34,e010ed09d4baf4ac5efe240fbdd22264e7caf3784e7fd56d689fc430610e13cc,0d3eb13046a372114ff88ccf4c3705c1d86a0f99f77e3dd055114c14340c20d3,a864cdb7d535e2e77c5a38896d241805f573a23425ee06548ab45fce85bf9072,71177a3cf9dc0ab1d9dd4921c7899d9f2c1cad9e5e1f5dd009ebcf8b1f79b54f,0.183894070,0.195202512,0000
451,001a,0010,e3b0c44298fc1c149afbf4c8996fb92427ae41e4649b934ca495991b7852b855,e3b0c44298fc1c149afbf4c8996fb92427ae41e4649b934ca495991b7852b855,6ce6b07e0b20f2e2ffec2c98da60f26d956a0ce3d80334fc3f2d8189428eb7db,943360a9a5818959e33aa851d0ac4831c347ca8ca4b98b4e7e95a6abb99fcb34,e010ed09d4baf4ac5efe240fbdd22264e7caf3784e7fd56d689fc430610e13cc,0d3eb13046a372114ff88ccf4c3705c1d86a0f99f77e3dd055114c14340c20d3,431df07248911a61d64f7a41df36a4eb380759c507588eab2201ccce0060c2a6,7cca3b11eee943df917775392818a36c1f2cfff7675ad83ddbafc3ca1b67582b,0.183845044,0.195042422,0000
452,001a,0010,e3b0c44298fc1c149afbf4c8996fb92427ae41e4649b934ca495991b7852b855,e3b0c44298fc1c149afbf4c8996fb92427ae41e4649b934ca495991b7852b855,8bb07441e3f663e57403c785e25bd86d0ed87dc5a1171305709598dcc3be6e66,943360a9a5818959e33aa851d0ac4831c347ca8ca4b98b4e7e95a6abb99fcb34,e010ed09d4baf4ac5efe240fbdd22264e7caf3784e7fd56d689fc430610e13cc,0d3eb13046a372114ff88ccf4c3705c1d86a0f99f77e3dd055114c14340c20d3,3e2237b7733821e0410af9bd13516b5e55dab695490afbb2532e122451e017a8,7b9e7175d2413e55a21bd7f90fee015e22f985f0cd2677b7508f96f21bd481a2,0.184048758,0.196048393,0000
453,001a,0010,e3b0c44298fc1c149afbf4c8996fb92427ae41e4649b934ca495991b7852b855,e3b0c44298fc1c149afbf4c8996fb92427ae41e4649b934ca495991b7852b855,636b5ad5abc1fc47662148ee6138cc396868383b792931868791de6cdc94d4b5,943360a9a5818959e33aa851d0ac4831c347ca8ca4b98b4e7e95a6abb99fcb34,e010ed09d4baf4ac5efe240fbdd22264e7caf3784e7fd56d689fc430610e13cc,0d3eb13046a372114ff88ccf4c3705c1d86a0f99f77e3dd055114c14340c20d3,e8087a58b6d54f9b53d29e425545d5ce75d243a8d6dc7a7f66a7b90be7a663b9,53c0294a67e6128f23b4cd84b1bb59b6975c5a86ed6cbe42e3d4372d189bffa9,0.183844513,0.194042670,0000
454,001a,0010,e3b0c44298fc1c149afbf4c8996fb92427ae41e4649b934ca495991b7852b855,e3b0c44298fc1c149afbf4c8996fb92427ae41e4649b934ca495991b7852b855,a9a014bc75d5cd56a336f8b6d33489f709d1df18fb72a41fe91fe9c32d7b3388,943360a9a5818959e33aa851d0ac4831c347ca8ca4b98b4e7e95a6abb99fcb34,e010ed09d4baf4ac5efe240fbdd22264e7caf3784e7fd56d689fc430610e13cc,0d3eb13046a372114ff88ccf4c3705c1d86a0f99f77e3dd055114c14340c20d3,cb52fe8ff925236f7018070482126f92362087d36ab90420154cd4e5a70c143c,51837914404c36f2242d4d0eefc87026a7f2c4e15b7c626eced66a9545f83be4,0.185945573,0.194044777,0000
455,001a,0010,e3b0c44298fc1c149afbf4c8996fb92427ae41e4649b934ca495991b7852b855,e3b0c44298fc1c149afbf4c8996fb92427ae41e4649b934ca495991b7852b855,cff5f1cd479c1367471e9b52b3467d56a39614aad3e5a0d07e4b1598d1325166,943360a9a5818959e33aa851d0ac4831c347ca8ca4b98b4e7e95a6abb99fcb34,e010ed09d4baf4ac5efe240fbdd22264e7caf3784e7fd56d689fc430610e13cc,0d3eb13046a372114ff88ccf4c3705c1d86a0f99f77e3dd055114c14340c20d3,f2aea64b0c48203674da5ec835a932e692f23edb525494f867994a1f00d3b77a,447483dc5bb4eccd54e9c4a2578acd7ee4bc45c521ce71185dbb228e285e625d,0.183878843,0.195152160,0000
456,001a,0010,e3b0c44298fc1c149afbf4c8996fb92427ae41e4649b934ca495991b7852b855,e3b0c44298fc1c149afbf4c8996fb92427ae41e4649b934ca495991b7852b855,2814e6f2951ccf74ed3a4ee090d38803c58184cf34c17c431bbe2ee8a309f6dd,943360a9a5818959e33aa851d0ac4831c347ca8ca4b98b4e7e95a6abb99fcb34,e010ed09d4baf4ac5efe240fbdd22264e7caf3784e7fd56d689fc430610e13cc,0d3eb13046a372114ff88ccf4c3705c1d86a0f99f77e3dd055114c14340c20d3,d1b29cccabc3e082f675384f02365f3ff7dfba4e15a7de1f2faddd63a9fd9358,56ad1238c60e38f1c8e15ecdfbd8dbd14b6a7dbe5e3da9141cfe69bcf99b8db4,0.183981849,0.195007220,0000
457,001a,0010,e3b0c44298fc1c149afbf4c8996fb92427ae41e4649b934ca495991b7852b855,e3b0c44298fc1c149afbf4c8996fb92427ae41e4649b934ca495991b7852b855,412a1616277b1af89c0e616a21fde6075fcf1fe03b16ea1677993de768c29ccc,943360a9a5818959e33aa851d0ac4831c347ca8ca4b98b4e7e95a6abb99fcb34,e010ed09d4baf4ac5efe240fbdd22264e7caf3784e7fd56d689fc430610e13cc,0d3eb13046a372114ff88ccf4c3705c1d86a0f99f77e3dd055114c14340c20d3,203e29e9865192bb8f6188faed4cf8691da6c1c4b76935e56350d764449345dd,0421247f5d49f105ebdc6f0b484314790ab2e5482291df413799f0a22eb8a40d,0.186037848,0.193918114,0000
458,001a,0010,e3b0c44298fc1c149afbf4c8996fb92427ae41e4649b934ca495991b7852b855,e3b0c44298fc1c149afbf4c8996fb92427ae41e4649b934ca495991b7852b855,21c91a88032570d1ce1dde057536a4b10c67ecfd1f316f482457ae5729d94a30,943360a9a5818959e33aa851d0ac4831c347ca8ca4b98b4e7e95a6abb99fcb34,e010ed09d4baf4ac5efe240fbdd22264e7caf3784e7fd56d689fc430610e13cc,0d3eb13046a372114ff88ccf4c3705c1d86a0f99f77e3dd055114c14340c20d3,9b2b8c7d3ffe77a78408e30496e0946b81c6ae3946cb9a232a2bb386a76620c8,b9bcb1d6726d92ebeab779752c8ba8a1629fd4b9c22ab19369b2e435cb53e5b5,0.186069110,0.195043971,0000
459,001a,0010,e3b0c44298fc1c149afbf4c8996fb92427ae41e4649b934ca495991b7852b855,e3b0c44298fc1c149afbf4c8996fb92427ae41e4649b934ca495991b7852b855,3dda3684156192fd16dae9da3f697c34bd794f2642bb386729d4af0ffb7d3964,943360a9a5818959e33aa851d0ac4831c347ca8ca4b98b4e7e95a6abb99fcb34,e010ed09d4baf4ac5efe240fbdd22264e7caf3784e7fd56d689fc430610e13cc,0d3eb13046a372114ff88ccf4c3705c1d86a0f99f77e3dd055114c14340c20d3,e64246cfb7c1f4e2b59523a3065282c29be9349543044e5a9c96c1203248de44,a3a6867e24cf06183e117257991f25e4e2928547cca415f7f7c3abb0a9e5d1e3,0.183065767,0.194801234,0000
460,001a,0010,e3b0c44298fc1c149afbf4c8996fb92427ae41e4649b934ca495991b7852b855,e3b0c44298fc1c149afbf4c8996fb92427ae41e4649b934ca495991b7852b855,7929d8937b833f15b7dee88220b06c3a72d9068cdfac5a7157d0994052f1fb98,943360a9a5818959e33aa851d0ac4831c347ca8ca4b98b4e7e95a6abb99fcb34,e010ed09d4baf4ac5efe240fbdd22264e7caf3784e7fd56d689fc430610e13cc,0d3eb13046a372114ff88ccf4c3705c1d86a0f99f77e3dd055114c14340c20d3,8aaa904c5877c31d4d276c3fbd7e3864d3e23bb6b0a46b425200322e3739df98,86aaf8a705afbf41d96b8c80f997e6d039ba2262410098b66f29ba52498b2c4a,0.183948759,0.195152625,0000
461,001a,0010,e3b0c44298fc1c149afbf4c8996fb92427ae41e4649b934ca495991b7852b855,e3b0c44298fc1c149afbf4c8996fb92427ae41e4649b934ca495991b7852b855,16519cf84272d2d5eab7c2cd6d203e1f496fc03284819bc89908816c470d4636,943360a9a5818959e33aa851d0ac4831c347ca8ca4b98b4e7e95a6abb99fcb34,e010ed09d4baf4ac5efe240fbdd22264e7caf3784e7fd56d689fc430610e13cc,0d3eb13046a372114ff88ccf4c3705c1d86a0f99f77e3dd055114c14340c20d3,2b3868df38bcd480706538e458ee6ad4840de96267ada9ff22894c66a753b373,4b62e68d5b7c36339b2948fe9033bb0421104c48cab001b64986ee3163ff58fa,0.184046838,0.194939832,0000
462,001a,0010,e3b0c44298fc1c149afbf4c8996fb92427ae41e4649b934ca495991b7852b855,e3b0c44298fc1c149afbf4c8996fb92427ae41e4649b934ca495991b7852b855,234b07d236ea777aed268a59161747d50aa7096945bc312b0f7c43bb5e48e451,943360a9a5818959e33aa851d0ac4831c347ca8ca4b98b4e7e95a6abb99fcb34,e010ed09d4baf4ac5efe240fbdd22264e7caf3784e7fd56d689fc430610e13cc,0d3eb13046a372114ff88ccf4c3705c1d86a0f99f77e3dd055114c14340c20d3,20e06c5432e6b59de91dd54d9a6ba2a259719152813b593dd4c1a2ce893d994c,54eff4bf043af06dc926847e44fccb61bf3825da5e5054df52013455eeb28af3,0.186147740,0.194843668,0000
463,001a,0010,e3b0c44298fc1c149afbf4c8996fb92427ae41e4649b934ca495991b7852b855,e3b0c44298fc1c149afbf4c8996fb92427ae41e4649b934ca495991b7852b855,4a4de692489c6ef3a4d6785026d3d794104ed0de31696b7b92a075fcb23b2e8b,943360a9a5818959e33aa851d0ac4831c347ca8ca4b98b4e7e95a6abb99fcb34,e010ed09d4baf4ac5efe240fbdd22264e7caf3784e7fd56d689fc430610e13cc,0d3eb13046a372114ff88ccf4c3705c1d86a0f99f77e3dd055114c14340c20d3,801c4602ad9a2a40b4942467fc8400ee0710c8af779c76b97c95dfc41a5da187,fe18fc24235806deea82e71adeb4a3e2096996e3a81879d302ca9974d7d35a13,0.183843379,0.195048556,0000
464,001a,0010,e3b0c44298fc1c149afbf4c8996fb92427ae41e4649b934ca495991b7852b855,e3b0c44298fc1c149afbf4c8996fb92427ae41e4649b934ca495991b7852b855,c55a4f2d3b516ec6a554bfeb9e33de9884e7a757a834f07a9d42efa09391223e,943360a9a5818959e33aa851d0ac4831c347ca8ca4b98b4e7e95a6abb99fcb34,e010ed09d4baf4ac5efe240fbdd22264e7caf3784e7fd56d689fc430610e13cc,0d3eb13046a372114ff88ccf4c3705c1d86a0f99f77e3dd055114c14340c20d3,3f8c9ad573f95fea9e66910d25123685d92224692aea7c83553692e7f8143424,49ed8126d52fded488d9f02c9c54259f05875945960da013843b6e45edfdbdd4,0.183822073,0.195051875,0000
465,001a,0010,e3b0c44298fc1c149afbf4c8996fb92427ae41e4649b934ca495991b7852b855,e3b0c44298fc1c149afbf4c8996fb92427ae41e4649b934ca495991b7852b855,63893f68e47ad1a2049b31c3f046c43639da10b4083b68df6c667375340e551d,943360a9a5818959e33aa851d0ac4831c347ca8ca4b98b4e7e95a6abb99fcb34,e010ed09d4baf4ac5efe240fbdd22264e7caf3784e7fd56d689fc430610e13cc,0d3eb13046a372114ff88ccf4c3705c1d86a0f99f77e3dd055114c14340c20d3,ec0e14f45a0f6604e2be8f061a6a041d41df60ed7007fa5a4aefd5ab27c0588e,5c9f09875e7a52f164cd860a89f7d78e4c1941ed93380e1371e2b383947ebf9b,0.183961254,0.196169948,0000
466,001a,0010,e3b0c44298fc1c149afbf4c8996fb92427ae41e4649b934ca495991b7852b855,e3b0c44298fc1c149afbf4c8996fb92427ae41e4649b934ca495991b7852b855,843efd2c7b02a8b31656f45a4edd147d65d09511d42463bbd58e6dd58d6bff54,943360a9a5818959e33aa851d0ac4831c347ca8ca4b98b4e7e95a6abb99fcb34,e010ed09d4baf4ac5efe240fbdd22264e7caf3784e7fd56d689fc430610e13cc,0d3eb13046a372114ff88ccf4c3705c1d86a0f99f77e3dd055114c14340c20d3,f0a4bd61480456f2de508c7b875846080b963f667cb0d06830de63e013aeb3fb,9406a550bd039230108de427fcc59795c8533def593199fe98674dba0c36ecb2,0.183839936,0.195132472,0000
467,001a,0010,e3b0c44298fc1c149afbf4c8996fb92427ae41e4649b934ca495991b7852b855,e3b0c44298fc1c149afbf4c8996fb92427ae41e4649b934ca495991b7852b855,dced308c267cdd8092900473603b3e46593c8502ddb78f1710838432c8c8159f,943360a9a5818959e33aa851d0ac4831c347ca8ca4b98b4e7e95a6abb99fcb34,e010ed09d4baf4ac5efe240fbdd22264e7caf3784e7fd56d689fc430610e13cc,0d3eb13046a372114ff88ccf4c3705c1d86a0f99f77e3dd055114c14340c20d3,6933ce12f98fbe49a8d4b88e73ed51bff1d5331705306a52cc80aa9faf0ae6af,12d2ad5094f60d6194d102b84f08e2166b0ad82bc0a65e88990562987619f58e,0.183971851,0.195144041,0000
468,001a,0010,e3b0c44298fc1c149afbf4c8996fb92427ae41e4649b934ca495991b7852b855,e3b0c44298fc1c149afbf4c8996fb92427ae41e4649b934ca495991b7852b855,1da217da12502ee235b8af93ac62afeb8d6e4915c6a656bca3abac83938005b3,943360a9a5818959e33aa851d0ac4831c347ca8ca4b98b4e7e95a6abb99fcb34,e010ed09d4baf4ac5efe240fbdd22264e7caf3784e7fd56d689fc430610e13cc,0d3eb13046a372114ff88ccf4c3705c1d86a0f99f77e3dd055114c14340c20d3,8d023677d311011a05aceead7463202dae76fa044c42cb293a27a2f5e27dd7da,40adca73920d9d3a74d89af43fa7561f1bf562bca7809f51ab9904b6b7f5e516,0.186043290,0.194927727,0000
469,001a,0010,e3b0c44298fc1c149afbf4c8996fb92427ae41e4649b934ca495991b7852b855,e3b0c44298fc1c149afbf4c8996fb92427ae41e4649b934ca495991b7852b855,02eed31d524eba25df426e6940addedf59b72dce923b397f526e592391a695f5,943360a9a5818959e33aa851d0ac4831c347ca8ca4b98b4e7e95a6abb99fcb34,e010ed09d4baf4ac5efe240fbdd22264e7caf3784e7fd56d689fc430610e13cc,0d3eb13046a372114ff88ccf4c3705c1d86a0f99f77e3dd055114c14340c20d3,662a8a53a4231461499bc00686d40e0a784ccb70801017dd08fb2ac87384c605,94ae1b0dc2ecae90fb097fe3cc71c106d41469e4507738add2ca5bfe1f6d4b69,0.183943234,0.195049571,0000
470,001a,0010,e3b0c44298fc1c149afbf4c8996fb92427ae41e4649b934ca495991b7852b855,e3b0c44298fc1c149afbf4c8996fb92427ae41e4649b934ca495991b7852b855,331deac7a72110f6dae409b920f970c5845e465dcd91f59571d7d6f26449f99c,943360a9a5818959e33aa851d0ac4831c347ca8ca4b98b4e7e95a6abb99fcb34,e010ed09d4baf4ac5efe240fbdd22264e7caf3784e7fd56d689fc430610e13cc,0d3eb13046a372114ff88ccf4c3705c1d86a0f99f77e3dd055114c14340c20d3,9de2c1d653a908010e0f718f1452f44313700bf3d23eec11e0df4abbba8cdbc8,596f2eb54c62b6e799c5e1d905a6f4320c3a7fa95d0428379765ea365e90edb5,0.184047859,0.194943346,0000
471,001a,0010,e3b0c44298fc1c149afbf4c8996fb92427ae41e4649b934ca495991b7852b855,e3b0c44298fc1c149afbf4c8996fb92427ae41e4649b934ca495991b7852b855,d187326de85465e6d58529312b5309dfdd13dc30c8efdbc086091c44e098feb6,943360a9a5818959e33aa851d0ac4831c347ca8ca4b98b4e7e95a6abb99fcb34,e010ed09d4baf4ac5efe240fbdd22264e7caf3784e7fd56d689fc430610e13cc,0d3eb13046a372114ff88ccf4c3705c1d86a0f99f77e3dd055114c14340c20d3,d615ef1efa47cd3cdefc1cd7f59c8f4a5f102bcc638019e218c6bc8c4f40821a,6470b9e54b5c15125e28f0776e8e0d01d05009fb131091a1a87d9f20a5fc756a,0.183843761,0.195052100,0000
472,001a,0010,e3b0c44298fc1c149afbf4c8996fb92427ae41e4649b934ca495991b7852b855,e3b0c44298fc1c149afbf4c8996fb92427ae41e4649b934ca495991b7852b855,480ee7928c2a674db7c3aac180ca93e272ac99329b6f335417024787fa743e67,943360a9a5818959e33aa851d0ac4831c347ca8ca4b98b4e7e95a6abb99fcb34,e010ed09d4baf4ac5efe240fbdd22264e7caf3784e7fd56d689fc430610e13cc,0d3eb13046a372114ff88ccf4c3705c1d86a0f99f77e3dd055114c14340c20d3,27188f003823a61d2d52097ae953424a28547113f575eaf8853df40921716622,13cfaec5d1ac1a475a7b0aacdc3d96f7f92441aebb7ff64482cc707147ec76bc,0.183827645,0.196039461,0000
473,001a,0010,e3b0c44298fc1c149afbf4c8996fb92427ae41e4649b934ca495991b7852b855,e3b0c44298fc1c149afbf4c8996fb92427ae41e4649b934ca495991b7852b855,c0bb3082d77978fae1b0fcd79bd537351aaa22ead6265cfa344fc4ead682ec4e,943360a9a5818959e33aa851d0ac4831c347ca8ca4b98b4e7e95a6abb99fcb34,e010ed09d4baf4ac5efe240fbdd22264e7caf3784e7fd56d689fc430610e13cc,0d3eb13046a372114ff88ccf4c3705c1d86a0f99f77e3dd055114c14340c20d3,70583ca43e1a43faf01ef427966258d478b25a0cee3c2666e4e0a68b9e0c4ce8,830ed314968b29d595f08d4a959753bb1599c0bbbcf3744e8ed0a514881a5c9a,0.183941313,0.194273879,0000
474,001a,0010,e3b0c44298fc1c149afbf4c8996fb92427ae41e4649b934ca495991b7852b855,e3b0c44298fc1c149afbf4c8996fb92427ae41e4649b934ca495991b7852b855,322375918f0c24a8378c9cfff1330d4bcff7df60de8c38837ee419516ac2ed18,943360a9a5818959e33aa851d0ac4831c347ca8ca4b98b4e7e95a6abb99fcb34,e010ed09d4baf4ac5efe240fbdd22264e7caf3784e7fd56d689fc430610e13cc,0d3eb13046a372114ff88ccf4c3705c1d86a0f99f77e3dd055114c14340c20d3,01f29cac267a03e9b127f27d9fb29c7c5b08912689e2190954c703378db80a14,c53d89780a73b4b3b8c31edfff7c4d357170e30f209892bd4c3516f55b9121a4,0.182940914,0.194048694,0000
475,001a,0010,e3b0c44298fc1c149afbf4c8996fb92427ae41e4649b934ca495991b7852b855,e3b0c44298fc1c149afbf4c8996fb92427ae41e4649b934ca495991b7852b855,96bb50064bc90ec97e3e25e58f73cf33829bc7a8278304ec3881a91f02fe2c92,943360a9a5818959e33aa851d0ac4831c347ca8ca4b98b4e7e95a6abb99fcb34,e010ed09d4baf4ac5efe240fbdd22264e7caf3784e7fd56d689fc430610e13cc,0d3eb13046a372114ff88ccf4c3705c1d86a0f99f77e3dd055114c14340c20d3,42d34428aabd76cd890406676fe6f43ed72f77494763d9787b7dac265005bdca,e7d697a63fd72e97f2765ab3fa2f606fc816dc2d167494ffafcb2855ffabafbc,0.183906221,0.194944476,0000
476,001a,0010,e3b0c44298fc1c149afbf4c8996fb92427ae41e4649b934ca495991b7852b855,e3b0c44298fc1c149afbf4c8996fb92427ae41e4649b934ca495991b7852b855,07aa5f81622643c3d53e0234c90bb976ab114ce9df4d474fc4c66f8be2c81023,943360a9a5818959e33aa851d0ac4831c347ca8ca4b98b4e7e95a6abb99fcb34,e010ed09d4baf4ac5efe240fbdd22264e7caf3784e7fd56d689fc430610e13cc,0d3eb13046a372114ff88ccf4c3705c1d86a0f99f77e3dd055114c14340c20d3,12bdc363d2db6fd443ec19c2a4247a1faa34a635280fa5180c3b137b1f551396,7e91a4fd3a85de5d47c2170e354895346b785bc44d692f3de6d6155ef1428576,0.183824727,0.196087619,0000
477,001a,0010,e3b0c44298fc1c149afbf4c8996fb92427ae41e4649b934ca495991b7852b855,e3b0c44298fc1c149afbf4c8996fb92427ae41e4649b934ca495991b7852b855,ad3b0f9dc232ff76ed1bd7bc335971b8de8448d7337775e68238e413ec6a3514,943360a9a5818959e33aa851d0ac4831c347ca8ca4b98b4e7e95a6abb99fcb34,e010ed09d4baf4ac5efe240fbdd22264e7caf3784e7fd56d689fc430610e13cc,0d3eb13046a372114ff88ccf4c3705c1d86a0f99f77e3dd055114c14340c20d3,2c037b25bbb68683aff547d719fc409c8ede1d6b8533739c858fc06ea021d7d5,9dcb9472cb7da1040d306d0ba352f4175f07948d6ee607e5dc28a1dcff70886a,0.183823469,0.194170662,0000
478,001a,0010,e3b0c44298fc1c149afbf4c8996fb92427ae41e4649b934ca495991b7852b855,e3b0c44298fc1c149afbf4c8996fb92427ae41e4649b934ca495991b7852b855,78b0837498ccfda5b9dc156f99752000019e05caf062ebcd8d3e11665d71f618,943360a9a5818959e33aa851d0ac4831c347ca8ca4b98b4e7e95a6abb99fcb34,e010ed09d4baf4ac5efe240fbdd22264e7caf3784e7fd56d689fc430610e13cc,0d3eb13046a372114ff88ccf4c3705c1d86a0f99f77e3dd055114c14340c20d3,9d042c33bd720cfa8252a8f08393e0dda36b03300a0382141576613d579a8279,fa2151cdbe91eb48464f566c5697ac7ddb5a0f0fa0acbadb9efa1371ca5b3d03,0.184056472,0.196163316,0000
479,001a,0010,e3b0c44298fc1c149afbf4c8996fb92427ae41e4649b934ca495991b7852b855,e3b0c44298fc1c149afbf4c8996fb92427ae41e4649b934ca495991b7852b855,5d23028f183341ea361527efdf9e152caafb925627568fbf0c579ba7e681ceb9,943360a9a5818959e33aa851d0ac4831c347ca8ca4b98b4e7e95a6abb99fcb34,e010ed09d4baf4ac5efe240fbdd22264e7caf3784e7fd56d689fc430610e13cc,0d3eb13046a372114ff88ccf4c3705c1d86a0f99f77e3dd055114c14340c20d3,436d3e9ef1c4a336f617d23015fa6890b43fca6a9ab23dd30989419f65e0a2e4,79c27c99cc1a6f05b182a56273bf349e6a4b6272134b1f14392796cd9adde2a6,0.185841502,0.194940969,0000
480,001a,0010,e3b0c44298fc1c149afbf4c8996fb92427ae41e4649b934ca495991b7852b855,e3b0c44298fc1c149afbf4c8996fb92427ae41e4649b934ca495991b7852b855,d8f6e2ba4c35e3ca8b05e39ba363e4c6ae8f0613374b64b1235beb9b71a05246,943360a9a5818959e33aa851d0ac4831c347ca8ca4b98b4e7e95a6abb99fcb34,e010ed09d4baf4ac5efe240fbdd22264e7caf3784e7fd56d689fc430610e13cc,0d3eb13046a372114ff88ccf4c3705c1d86a0f99f77e3dd055114c14340c20d3,defd84b5fa451f10fe53573ca8d94b7ad1eb10f6120a165a2bf23cfb2af7c6c9,ca3634230a0a0d484448b02895b20135be021586e7eeff68fd702fed51aae2fc,0.184017264,0.196184037,0000
481,001a,0010,e3b0c44298fc1c149afbf4c8996fb92427ae41e4649b934ca495991b7852b855,e3b0c44298fc1c149afbf4c8996fb92427ae41e4649b934ca495991b7852b855,0e3d707c2092e5cbead068c1759bdc56f6a59b4399efa2dc85b6c9237917445e,943360a9a5818959e33aa851d0ac4831c347ca8ca4b98b4e7e95a6abb99fcb34,e010ed09d4baf4ac5efe240fbdd22264e7caf3784e7fd56d689fc430610e13cc,0d3eb13046a372114ff88ccf4c3705c1d86a0f99f77e3dd055114c14340c20d3,beb2bd2d4538dd8b6077d91b41e7536a201e572b176e0635b7feffb06a4453de,291c14a81858f7be3c2147fc8821f62f864bdf8a20b2b609cc2ce987bcf96e3b,0.183690443,0.195075552,0000
482,001a,0010,e3b0c44298fc1c149afbf4c8996fb92427ae41e4649b934ca495991b7852b855,e3b0c44298fc1c149afbf4c8996fb92427ae41e4649b934ca495991b7852b855,e29d50590ae70b7b5326d33f6f5613ce98fe8adb4389190a192764bd58e7f018,943360a9a5818959e33aa851d0ac4831c347ca8ca4b98b4e7e95a6abb99fcb34,e010ed09d4baf4ac5efe240fbdd22264e7caf3784e7fd56d689fc430610e13cc,0d3eb13046a372114ff88ccf4c3705c1d86a0f99f77e3dd055114c14340c20d3,34ed1177097c17f5784c98cd327e9c60ee835f83a9252b30f1d59105ce20cdc1,95dbd117a609eb8478be558d9f275e7969e7a036b4333b8ef8268971134c030e,0.183839002,0.194272285,0000
483,001a,0010,e3b0c44298fc1c149afbf4c8996fb92427ae41e4649b934ca495991b7852b855,e3b0c44298fc1c149afbf4c8996fb92427ae41e4649b934ca495991b7852b855,96914f616a8d49002cf66822fb3b56ed7ed217bb9d1613053ee8b13bb360522a,943360a9a5818959e33aa851d0ac4831c347ca8ca4b98b4e7e95a6abb99fcb34,e010ed09d4baf4ac5efe240fbdd22264e7caf3784e7fd56d689fc430610e13cc,0d3eb13046a372114ff88ccf4c3705c1d86a0f99f77e3dd055114c14340c20d3,8cb2fd875078f409f758a87859bb9c48189ceebb33008b863b659170fcedcf1c,d3f17a62b13c3184c98e8a60055ad083104b845650ca522d21443ce523473aad,0.184023014,0.194069268,0000
484,001a,0010,e3b0c44298fc1c149afbf4c8996fb92427ae41e4649b934ca495991b7852b855,e3b0c44298fc1c149afbf4c8996fb92427ae41e4649b934ca495991b7852b855,b0c7e3a2d8b8104571d77f3463120e12eb805c5df6f30a3b9406898886a9dd82,943360a9a5818959e33aa851d0ac4831c347ca8ca4b98b4e7e95a6abb99fcb34,e010ed09d4baf4ac5efe240fbdd22264e7caf3784e7fd56d689fc430610e13cc,0d3eb13046a372114ff88ccf4c3705c1d86a0f99f77e3dd055114c14340c20d3,94087f3439050acccc3f2a0bc42dd7c0b3775bed36438f3cdb7eca2ef025e0cd,fcaf06ac6e1a08f1fba7de0d864d1b222ccd2d80c6b1fd6251b9cb7e4a40aa02,0.186063700,0.194828486,0000
485,001a,0010,e3b0c44298fc1c149afbf4c8996fb92427ae41e4649b934ca495991b7852b855,e3b0c44298fc1c149afbf4c8996fb92427ae41e4649b934ca495991b7852b855,6d11f4d42f73fc0040cb74926092fa1f1ebf39adeb77f767c4635675635a652d,943360a9a5818959e33aa851d0ac4831c347ca8ca4b98b4e7e95a6abb99fcb34,e010ed09d4baf4ac5efe240fbdd22264e7caf3784e7fd56d689fc430610e13cc,0d3eb13046a372114ff88ccf4c3705c1d86a0f99f77e3dd055114c14340c20d3,cc0d30272438979fed8e873d025cc751489f3e997ade2048efb5c6f3e27cbf34,6b808e59ff85a3c835685f9d36da57182f1d468d9ef0a0840519d6201563c6c9,0.183940000,0.196051898,0000
486,001a,0010,e3b0c44298fc1c149afbf4c8996fb92427ae41e4649b934ca495991b7852b855,e3b0c44298fc1c149afbf4c8996fb92427ae41e4649b934ca495991b7852b855,0715f8aab36b684b0822e8b055d352fa54968b499fd86cff18b74c99ae1e6ba0,943360a9a5818959e33aa851d0ac4831c347ca8ca4b98b4e7e95a6abb99fcb34,e010ed09d4baf4ac5efe240fbdd22264e7caf3784e7fd56d689fc430610e13cc,0d3eb13046a372114ff88ccf4c3705c1d86a0f99f77e3dd055114c14340c20d3,3004df9da125579ffc5db422d78d1d45c3a2e6aad8ca347e9f3553182f185197,7ade8f11ba913fbfa56ea314d45b5bb27a78ad0bd70075562e3fc7878485afb4,0.183911668,0.196080170,0000
487,001a,0010,e3b0c44298fc1c149afbf4c8996fb92427ae41e4649b934ca495991b7852b855,e3b0c44298fc1c149afbf4c8996fb92427ae41e4649b934ca495991b7852b855,9e3a996758c2a582966cddc58ffa7669f134cf7fe9b1a039d7aa77802d43a202,943360a9a5818959e33aa851d0ac4831c347ca8ca4b98b4e7e95a6abb99fcb34,e010ed09d4baf4ac5efe240fbdd22264e7caf3784e7fd56d689fc430610e13cc,0d3eb13046a372114ff88ccf4c3705c1d86a0f99f77e3dd055114c14340c20d3,836fb9b238553071d34ce331cefb8ceff76f891c63869fcdd421e29044746d7e,79548951a31b4b86bde391ca8b58da2fdc918a7e0f523d85ab8ce4283ab847b8,0.184002444,0.195154067,0000
488,001a,0010,e3b0c44298fc1c149afbf4c8996fb92427ae41e4649b934ca495991b7852b855,e3b0c44298fc1c149afbf4c8996fb92427ae41e4649b934ca495991b7852b855,a57a77a07cd47ffa54ccc7f9092bb0bcfd665da92fb5a4ad559114dce00e7473,943360a9a5818959e33aa851d0ac4831c347ca8ca4b98b4e7e95a6abb99fcb34,e010ed09d4baf4ac5efe240fbdd22264e7caf3784e7fd56d689fc430610e13cc,0d3eb13046a372114ff88ccf4c3705c1d86a0f99f77e3dd055114c14340c20d3,939ab1da43c94be8741eb75e9f11ac5733c74f19b24ad8a749358762b4d1a109,127068eefb96d8a88f6a5714f0079db330f58f688e58c52d172debd1c4143ff4,0.186051888,0.194884958,0000
489,001a,0010,e3b0c44298fc1c149afbf4c8996fb92427ae41e4649b934ca495991b7852b855,e3b0c44298fc1c149afbf4c8996fb92427ae41e4649b934ca495991b7852b855,f460bcfb93fbbaec78933e62a786839526f481bc8f4406060ce679031f7ca608,943360a9a5818959e33aa851d0ac4831c347ca8ca4b98b4e7e95a6abb99fcb34,e010ed09d4baf4ac5efe240fbdd22264e7caf3784e7fd56d689fc430610e13cc,0d3eb13046a372114ff88ccf4c3705c1d86a0f99f77e3dd055114c14340c20d3,b944fa10fd35a7186fd1ea5935ca1707dc61a2a5d31140cbbf440d8845771acf,a90604ee8b26a059af32932e34c1b50fd200a0692ed096d9f4c4e339d7499daa,0.183947424,0.194936359,0000
490,001a,0010,e3b0c44298fc1c149afbf4c8996fb92427ae41e4649b934ca495991b7852b855,e3b0c44298fc1c149afbf4c8996fb92427ae41e4649b934ca495991b7852b855,b8bf595b0207df64cece50e97cd198dbfc56996eac9749c393beceb76d833e29,943360a9a5818959e33aa851d0ac4831c347ca8ca4b98b4e7e95a6abb99fcb34,e010ed09d4baf4ac5efe240fbdd22264e7caf3784e7fd56d689fc430610e13cc,0d3eb13046a372114ff88ccf4c3705c1d86a0f99f77e3dd055114c14340c20d3,2cf64ef9bfbb77edcb88ff8c2a554aef9fd9774b48c078d9808fa7f5d7e51327,1e704c9902de8cacea20f28daf4833fa85cae4c43e0ddd06b96934f6491f4b54,0.183941311,0.196153458,0000
491,001a,0010,e3b0c44298fc1c149afbf4c8996fb92427ae41e4649b934ca495991b7852b855,e3b0c44298fc1c149afbf4c8996fb92427ae41e4649b934ca495991b7852b855,577899c32b9d7777c438c2ef142ca2990f5ccb9a9325d2a67b0f638bc0848968,943360a9a5818959e33aa851d0ac4831c347ca8ca4b98b4e7e95a6abb99fcb34,e010ed09d4baf4ac5efe240fbdd22264e7caf3784e7fd56d689fc430610e13cc,0d3eb13046a372114ff88ccf4c3705c1d86a0f99f77e3dd055114c14340c20d3,fedac3528f56cd86028c10e6c7ee995f240d71cbb23ed415495f41467e63d29b,577ddb2d8d1626e44db407f6d56c31731cc93af58b9726b58512cbf294bcf4af,0.183916662,0.193975486,0000
492,001a,0010,e3b0c44298fc1c149afbf4c8996fb92427ae41e4649b934ca495991b7852b855,e3b0c44298fc1c149afbf4c8996fb92427ae41e4649b934ca495991b7852b855,b4574710797c88688a39bef0c23dcfa4c66b30d22ebd7f1d70bcd954561038e9,943360a9a5818959e33aa851d0ac4831c347ca8ca4b98b4e7e95a6abb99fcb34,e010ed09d4baf4ac5efe240fbdd22264e7caf3784e7fd56d689fc430610e13cc,0d3eb13046a372114ff88ccf4c3705c1d86a0f99f77e3dd055114c14340c20d3,5a1fb51bdb6d340e562f34070aaa82cdab995564a42500f9253f122586c03758,9ac8ef345c022dedc3fb767dc90a4b0cd0c334ac84b02d0cfc4d1497d766f1b2,0.184055606,0.195042044,0000
493,001a,0010,e3b0c44298fc1c149afbf4c8996fb92427ae41e4649b934ca495991b7852b855,e3b0c44298fc1c149afbf4c8996fb92427ae41e4649b934ca495991b7852b855,2ddc88df5c999bdf204e73a7d9d5567113fcd2636a1eb2e4bb165fd86ae66a3e,943360a9a5818959e33aa851d0ac4831c347ca8ca4b98b4e7e95a6abb99fcb34,e010ed09d4baf4ac5efe240fbdd22264e7caf3784e7fd56d689fc430610e13cc,0d3eb13046a372114ff88ccf4c3705c1d86a0f99f77e3dd055114c14340c20d3,17a621bf2421590f80c70d76baef5df424773f7c9b71a26129d9e8456c0ff5e0,571b3ee78bdc4edf22d30a1200dee166a48173e42bb75d2ce5ad597fd0db15bb,0.183951479,0.195038301,0000
494,001a,0010,e3b0c44298fc1c149afbf4c8996fb92427ae41e4649b934ca495991b7852b855,e3b0c44298fc1c149afbf4c8996fb92427ae41e4649b934ca495991b7852b855,41458277544696aa365d3c78f83ae8cac068c5008b50eb92326ec9615d752938,943360a9a5818959e33aa851d0ac4831c347ca8ca4b98b4e7e95a6abb99fcb34,e010ed09d4baf4ac5efe240fbdd22264e7caf3784e7fd56d689fc430610e13cc,0d3eb13046a372114ff88ccf4c3705c1d86a0f99f77e3dd055114c14340c20d3,caf4d1fdf0b429d5290dfe5bf2192f7974fb40ea72dbab0f0344b4aedb88895a,82e9277383f9d715a32f6d63c195b6c67e423cc6ffe2d7c1e46bb6a9ea0bb1c9,0.185948503,0.194937438,0000
495,001a,0010,e3b0c44298fc1c149afbf4c8996fb92427ae41e4649b934ca495991b7852b855,e3b0c44298fc1c149afbf4c8996fb92427ae41e4649b934ca495991b7852b855,cd4d3725ea9c7d30590059153ab9cfad619ef053b2a4e624fc4446312959ee7d,943360a9a5818959e33aa851d0ac4831c347ca8ca4b98b4e7e95a6abb99fcb34,e010ed09d4baf4ac5efe240fbdd22264e7caf3784e7fd56d689fc430610e13cc,0d3eb13046a372114ff88ccf4c3705c1d86a0f99f77e3dd055114c14340c20d3,3188e639bc1a623698d5e12ae5e08fa51d8eb9cf395879b33d6e2b8a12286958,3f2f99cacd59fc8c72dd9c8785b4b2b621224306f2c8de6d3aad918e6f5f2986,0.183828062,0.195043831,0000
496,001a,0010,e3b0c44298fc1c149afbf4c8996fb92427ae41e4649b934ca495991b7852b855,e3b0c44298fc1c149afbf4c8996fb92427ae41e4649b934ca495991b7852b855,f23fad39e2e9c386208f49cbdd6a9400a8b543b60a3ad7a2943a95e1d70a03fc,943360a9a5818959e33aa851d0ac4831c347ca8ca4b98b4e7e95a6abb99fcb34,e010ed09d4baf4ac5efe240fbdd22264e7caf3784e7fd56d689fc430610e13cc,0d3eb13046a372114ff88ccf4c3705c1d86a0f99f77e3dd055114c14340c20d3,d01d82f8095a5212531938f301207fd913d222bef3e7160eb159e50b736f2337,23e1401f4cd15752cdd8da494ab489f7cd99e9bc0bebf6b6f02cb1c8f0946e05,0.183682237,0.196307331,0000
497,001a,0010,e3b0c44298fc1c149afbf4c8996fb92427ae41e4649b934ca495991b7852b855,e3b0c44298fc1c149afbf4c8996fb92427ae41e4649b934ca495991b7852b855,83b86857ab9a557a257291d93462085cc7e87995206cb2eeeb71a16c3256701c,943360a9a5818959e33aa851d0ac4831c347ca8ca4b98b4e7e95a6abb99fcb34,e010ed09d4baf4ac5efe240fbdd22264e7caf3784e7fd56d689fc430610e13cc,0d3eb13046a372114ff88ccf4c3705c1d86a0f99f77e3dd055114c14340c20d3,c72d05abfe764a2a3719784b9b15438e407c952eb04968e9c537608ec4427aef,58a346b3ab13a35cb86cf3f1d699b704bbc717435a71975c2948bcff4ace5add,0.183845980,0.196270141,0000
498,001a,0010,e3b0c44298fc1c149afbf4c8996fb92427ae41e4649b934ca495991b7852b855,e3b0c44298fc1c149afbf4c8996fb92427ae41e4649b934ca495991b7852b855,1bd79ea5c3818a7b65e1e2205daf09eaa9a2e9ba96747e1a2a753d1a0e75e874,943360a9a5818959e33aa851d0ac4831c347ca8ca4b98b4e7e95a6abb99fcb34,e010ed09d4baf4ac5efe240fbdd22264e7caf3784e7fd56d689fc430610e13cc,0d3eb13046a372114ff88ccf4c3705c1d86a0f99f77e3dd055114c14340c20d3,234bea7f4f38351e255712b829cc4f246375a0074b10dea7cbe12341473d81e0,5aa837c6027e2824c1a5562e68069452890a13db52b0c16451a90ca1046c8171,0.183064134,0.194924531,0000
499,001a,0010,e3b0c44298fc1c149afbf4c8996fb92427ae41e4649b934ca495991b7852b855,e3b0c44298fc1c149afbf4c8996fb92427ae41e4649b934ca495991b7852b855,02e9964a01f4a13e46f7a0ac6f1c463bfa4c8fc92e8bb3a0b3e89d3096ed00d9,943360a9a5818959e33aa851d0ac4831c347ca8ca4b98b4e7e95a6abb99fcb34,e010ed09d4baf4ac5efe240fbdd22264e7caf3784e7fd56d689fc430610e13cc,0d3eb13046a372114ff88ccf4c3705c1d86a0f99f77e3dd055114c14340c20d3,b10e09655d91d2ef40488c0a907704d2656cc6d325ffddead3710bf69e634e77,c0b88bd6e69c4183d83ae16ddc69143efb9be2cec8532155955dabcb9b6f4b46,0.185945250,0.196048034,0000
500,001a,0010,e3b0c44298fc1c149afbf4c8996fb92427ae41e4649b934ca495991b7852b855,e3b0c44298fc1c149afbf4c8996fb92427ae41e4649b934ca495991b7852b855,c39300c0c4575a8817cf211c2072e572bae6555727dd2e6d804778202049f699,943360a9a5818959e33aa851d0ac4831c347ca8ca4b98b4e7e95a6abb99fcb34,e010ed09d4baf4ac5efe240fbdd22264e7caf3784e7fd56d689fc430610e13cc,0d3eb13046a372114ff88ccf4c3705c1d86a0f99f77e3dd055114c14340c20d3,772cf5ab3b0585310f43528b3660a668521c3fd1c029e961c57b0dd135a2d108,e073edf05de970d515ab9093a2068cfe8a4a0898b69276b4918206e426d434b9,0.183876219,0.196148372,0000
501,001a,0010,e3b0c44298fc1c149afbf4c8996fb92427ae41e4649b934ca495991b7852b855,e3b0c44298fc1c149afbf4c8996fb92427ae41e4649b934ca495991b7852b855,2be09bf4180638020dbe3e557e29403d8c2eb86d9a079cca6bfba4c814d0b791,943360a9a5818959e33aa851d0ac4831c347ca8ca4b98b4e7e95a6abb99fcb34,e010ed09d4baf4ac5efe240fbdd22264e7caf3784e7fd56d689fc430610e13cc,0d3eb13046a372114ff88ccf4c3705c1d86a0f99f77e3dd055114c14340c20d3,09af8b727817bd614b541d6ddc2a4a6a1027cce2dbe4f344f17f49fce114eeb3,c9c0e59e89ef5ccd70c5d60b2a5f8ffa61765f916886c50ac9bcf7e34c4aa6ad,0.183981175,0.195015220,0000
502,001a,0010,e3b0c44298fc1c149afbf4c8996fb92427ae41e4649b934ca495991b7852b855,e3b0c44298fc1c149afbf4c8996fb92427ae41e4649b934ca495991b7852b855,a295d2aa354af7b2ad4fc587fe94dd8032c42304b931908f6e7764053c8cf3e2,943360a9a5818959e33aa851d0ac4831c347ca8ca4b98b4e7e95a6abb99fcb34,e010ed09d4baf4ac5efe240fbdd22264e7caf3784e7fd56d689fc430610e13cc,0d3eb13046a372114ff88ccf4c3705c1d86a0f99f77e3dd055114c14340c20d3,119b98153fdcfb3352802e2df4d336e88d8d58402fec44ad77f38db7a8eec654,2eaa8883b30deb038acc7610f6007b8abe392bba384d1584cafbdcbccaf8987d,0.184052671,0.195010321,0000
503,001a,0010,e3b0c44298fc1c149afbf4c8996fb92427ae41e4649b934ca495991b7852b855,e3b0c44298fc1c149afbf4c8996fb92427ae41e4649b934ca495991b7852b855,d9d1df7bd7d9c3f2b250a4cf9c1de2349fba26cc55a1d5ecf6c4da40bdbcec2c,943360a9a5818959e33aa851d0ac4831c347ca8ca4b98b4e7e95a6abb99fcb34,e010ed09d4baf4ac5efe240fbdd22264e7caf3784e7fd56d689fc430610e13cc,0d3eb13046a372114ff88ccf4c3705c1d86a0f99f77e3dd055114c14340c20d3,295484e1dda3c8e1cad05189a667d9cd4ab6155d76ac84831931417e7f14583a,74986543cdabd2d670ecfe0d33665b59ac9081f2b5121db9b4e5ad52a6408937,0.183841001,0.195043672,0000
504,001a,0010,e3b0c44298fc1c149afbf4c8996fb92427ae41e4649b934ca495991b7852b855,e3b0c44298fc1c149afbf4c8996fb92427ae41e4649b934ca495991b7852b855,0713c0a37572383a5ecf21a97d163294a0bc67a7e75f869df3cc4651e1f66cdc,943360a9a5818959e33aa851d0ac4831c347ca8ca4b98b4e7e95a6abb99fcb34,e010ed09d4baf4ac5efe240fbdd22264e7caf3784e7fd56d689fc430610e13cc,0d3eb13046a372114ff88ccf4c3705c1d86a0f99f77e3dd055114c14340c20d3,98c8239a2fd93109baae71b6f18e3ccd6d49f3f68ba775749d662d76f3f1b7fd,acef6a061e9d63abfc8d15ca67546a19b03745512b9538dec55f09e74da25944,0.184065193,0.194927016,0000
505,001a,0010,e3b0c44298fc1c149afbf4c8996fb92427ae41e4649b934ca495991b7852b855,e3b0c44298fc1c149afbf4c8996fb92427ae41e4649b934ca495991b7852b855,97ec675e519d62d59668e179f152b4879eb70e9b3cfc9a71f4e860f1885d2bd5,943360a9a5818959e33aa851d0ac4831c347ca8ca4b98b4e7e95a6abb99fcb34,e010ed09d4baf4ac5efe240fbdd22264e7caf3784e7fd56d689fc430610e13cc,0d3eb13046a372114ff88ccf4c3705c1d86a0f99f77e3dd055114c14340c20d3,f170191aadaa5c9203881f872af13be7dde46820a3e8ea4a08fa225a9b75fdf0,80c2fa91883f0a3bb33bc5bdd0dce1ea0e7ed71e8485536dc809902ef4a006e6,0.183943855,0.196155794,0000
506,001a,0010,e3b0c44298fc1c149afbf4c8996fb92427ae41e4649b934ca495991b7852b855,e3b0c44298fc1c149afbf4c8996fb92427ae41e4649b934ca495991b7852b855,332556c1a2eda379b76679a6e374f551b0397b75d643756270f613ea869288b9,943360a9a5818959e33aa851d0ac4831c347ca8ca4b98b4e7e95a6abb99fcb34,e010ed09d4baf4ac5efe240fbdd22264e7caf3784e7fd56d689fc430610e13cc,0d3eb13046a372114ff88ccf4c3705c1d86a0f99f77e3dd055114c14340c20d3,a8d16a0fd30128abfcbf482197179a57119ef206c7fb1ff848fdffc74ece03ba,4b35926cdb963f2009e12a0681097d0d101b2f3cb40b231cd8a77a2c924a8dd1,0.183840830,0.195042328,0000
507,001a,0010,e3b0c44298fc1c149afbf4c8996fb92427ae41e4649b934ca495991b7852b855,e3b0c44298fc1c149afbf4c8996fb92427ae41e4649b934ca495991b7852b855,7770ca04cf300514a7351bbf85c94d6762aac3e055584b9cdd74b4f8c628dcde,943360a9a5818959e33aa851d0ac4831c347ca8ca4b98b4e7e95a6abb99fcb34,e010ed09d4baf4ac5efe240fbdd22264e7caf3784e7fd56d689fc430610e13cc,0d3eb13046a372114ff88ccf4c3705c1d86a0f99f77e3dd055114c14340c20d3,faac2238d3e9321deb047ab881c4f5e66ffa5dc072dbfa2e083bda15c4767907,0310ba09435cf40755121d1eff3ee5b6c458c38c173a249b7a5ea8fa9df19c96,0.183935511,0.195050097,0000
508,001a,0010,e3b0c44298fc1c149afbf4c8996fb92427ae41e4649b934ca495991b7852b855,e3b0c44298fc1c149afbf4c8996fb92427ae41e4649b934ca495991b7852b855,23a60c0a988e8f9da11d9dcd91645ac78ac8ffde6f74f4edb56cc753ee7e2e8d,943360a9a5818959e33aa851d0ac4831c347ca8ca4b98b4e7e95a6abb99fcb34,e010ed09d4baf4ac5efe240fbdd22264e7caf3784e7fd56d689fc430610e13cc,0d3eb13046a372114ff88ccf4c3705c1d86a0f99f77e3dd055114c14340c20d3,1da85a39c1bc29fb60d2a0adc1b53bf590ba978fee4834aac92db4a0c7d2c9ae,689c6725a7688f5efbeb7aba903d4870b0dad08299e30c2ecdbffc6c23406dfc,0.183840652,0.195159932,0000
509,001a,0010,e3b0c44298fc1c149afbf4c8996fb92427ae41e4649b934ca495991b7852b855,e3b0c44298fc1c149afbf4c8996fb92427ae41e4649b934ca495991b7852b855,246acf3ec256d5cbe64950fe8a7fbca10dc5f20e52be8b5bf54281128d1b9413,943360a9a5818959e33aa851d0ac4831c347ca8ca4b98b4e7e95a6abb99fcb34,e010ed09d4baf4ac5efe240fbdd22264e7caf3784e7fd56d689fc430610e13cc,0d3eb13046a372114ff88ccf4c3705c1d86a0f99f77e3dd055114c14340c20d3,0b7c02dd97af9f1c22f29047bcc179ff989a5715d60cd5164f6f0e67b88e975c,08bfb4f7e776a4670f743732b22aa7e1c30eea72a5efc12f68bcfbb7b8dbe0d7,0.184047889,0.195047877,0000
510,001a,0010,e3b0c44298fc1c149afbf4c8996fb92427ae41e4649b934ca495991b7852b855,e3b0c44298fc1c149afbf4c8996fb92427ae41e4649b934ca495991b7852b855,5877447bf0a27348d9fed7f5c7dc47eed6846301226d8ab1109e675b890ae648,943360a9a5818959e33aa851d0ac4831c347ca8ca4b98b4e7e95a6abb99fcb34,e010ed09d4baf4ac5efe240fbdd22264e7caf3784e7fd56d689fc430610e13cc,0d3eb13046a372114ff88ccf4c3705c1d86a0f99f77e3dd055114c14340c20d3,7fbb6a485b1a521976d8daeeb6a78bf7e780d169bd28c9baa4dea6d0e32a2350,e47312ebfeb3ec83ad3584ae16c545627ae11e3d8f5cc3160f1e3c6437e3acf0,0.183056276,0.194831457,0000
511,001a,0010,e3b0c44298fc1c149afbf4c8996fb92427ae41e4649b934ca495991b7852b855,e3b0c44298fc1c149afbf4c8996fb92427ae41e4649b934ca495991b7852b855,9736073f84adb6633806e04f83bf68cd997a1075d0f961497f368d767b190ebf,943360a9a5818959e33aa851d0ac4831c347ca8ca4b98b4e7e95a6abb99fcb34,e010ed09d4baf4ac5efe240fbdd22264e7caf3784e7fd56d689fc430610e13cc,0d3eb13046a372114ff88ccf4c3705c1d86a0f99f77e3dd055114c14340c20d3,108f2f893de442bd7c6388d47bb2eb983e42a69f148175050a4cd72aeea68bfe,efb6944e678f88e17fd3c33cd428413d19b9b7e3ef749ca01e2582988300f24d,0.183846699,0.196146818,0000
512,001a,0010,e3b0c44298fc1c149afbf4c8996fb92427ae41e4649b934ca495991b7852b855,e3b0c44298fc1c149afbf4c8996fb92427ae41e4649b934ca495991b7852b855,2a3196823d207f821ef1f9634da41d0494957125c6c494beb60867df109d6a5f,943360a9a5818959e33aa851d0ac4831c347ca8ca4b98b4e7e95a6abb99fcb34,e010ed09d4baf4ac5efe240fbdd22264e7caf3784e7fd56d689fc430610e13cc,0d3eb13046a372114ff88ccf4c3705c1d86a0f99f77e3dd055114c14340c20d3,b36efa2ee7f7c6e93cf62647d709331cd6d8eac3b01adefb3488b8f5ea5f236d,1912bd1f85ef608069929083b181fd53c48c0bfa70687d37fd33de3a37d4f85c,0.183841837,0.196148188,0000
513,001a,0010,e3b0c44298fc1c149afbf4c8996fb92427ae41e4649b934ca495991b7852b855,e3b0c44298fc1c149afbf4c8996fb92427ae41e4649b934ca495991b7852b855,66a1e689d0e055d909f2a737185ffa8c1a3766ac3f6dd34a4f9e346552516549,943360a9a5818959e33aa851d0ac4831c347ca8ca4b98b4e7e95a6abb99fcb34,e010ed09d4baf4ac5efe240fbdd22264e7caf3784e7fd56d689fc430610e13cc,0d3eb13046a372114ff88ccf4c3705c1d86a0f99f77e3dd055114c14340c20d3,7a775a5914a88767149eb810181775a341d01fa81540d0e27c7801675cbfec95,2de8f0c0d877bdc4d97a3dfaf5bab25795d034505b0ee04eee54a51b2cdcf589,0.186048909,0.196050189,0000
514,001a,0010,e3b0c44298fc1c149afbf4c8996fb92427ae41e4649b934ca495991b7852b855,e3b0c44298fc1c149afbf4c8996fb92427ae41e4649b934ca495991b7852b855,7a92a27aefdd5f74a85199a0b7999617789fa79a72e8f205e9013baf0793be67,943360a9a5818959e33aa851d0ac4831c347ca8ca4b98b4e7e95a6abb99fcb34,e010ed09d4baf4ac5efe240fbdd22264e7caf3784e7fd56d689fc430610e13cc,0d3eb13046a372114ff88ccf4c3705c1d86a0f99f77e3dd055114c14340c20d3,7895cd66c3a916dd3c875ef55667b1b17d2f5b7b93c5f99b93a04c47fab9cf70,db45488ca4ee2d2fd9291de3de845a2f5a45ec43181e56586ba84101a542f3ff,0.183909375,0.194975908,0000
515,001a,0010,e3b0c44298fc1c149afbf4c8996fb92427ae41e4649b934ca495991b7852b855,e3b0c44298fc1c149afbf4c8996fb92427ae41e4649b934ca495991b7852b855,8ff403d14d8da953c0c9e0184a557064e92e73bb356a05fccb8d2bf3f6869a7e,943360a9a5818959e33aa851d0ac4831c347ca8ca4b98b4e7e95a6abb99fcb34,e010ed09d4baf4ac5efe240fbdd22264e7caf3784e7fd56d689fc430610e13cc,0d3eb13046a372114ff88ccf4c3705c1d86a0f99f77e3dd055114c14340c20d3,5d13ebbf808d737256cbaeaa4fdf59f5caa745ca80875049eb6aeee46ac2c3ce,30c5f029e977f262a73d01bbf4dd029c68353554941d2c5da79c63f4d15125f6,0.183942940,0.196151932,0000
516,001a,0010,e3b0c44298fc1c149afbf4c8996fb92427ae41e4649b934ca495991b7852b855,e3b0c44298fc1c149afbf4c8996fb92427ae41e4649b934ca495991b7852b855,15dd7fc82a57d8038087938c9aa1895bfbd3cc3e066b43e81be7b37be9725964,943360a9a5818959e33aa851d0ac4831c347ca8ca4b98b4e7e95a6abb99fcb34,e010ed09d4baf4ac5efe240fbdd22264e7caf3784e7fd56d689fc430610e13cc,0d3eb13046a372114ff88ccf4c3705c1d86a0f99f77e3dd055114c14340c20d3,4fa5be4520bd4d7d3dc2f6a5d7e072f198012c348d8cc4fe4836f1cdcb06d969,9f0136f34f59ea3bc7b1bd7c453fa94643f2341d024f36e087bc361b66d0f004,0.183187449,0.194829334,0000
517,001a,0010,e3b0c44298fc1c149afbf4c8996fb92427ae41e4649b934ca495991b7852b855,e3b0c44298fc1c149afbf4c8996fb92427ae41e4649b934ca495991b7852b855,d4944d230ad7a5875e8b8826cf199057f8dcc4dfdfe7f5a1b046f8ad02ff7f43,943360a9a5818959e33aa851d0ac4831c347ca8ca4b98b4e7e95a6abb99fcb34,e010ed09d4baf4ac5efe240fbdd22264e7caf3784e7fd56d689fc430610e13cc,0d3eb13046a372114ff88ccf4c3705c1d86a0f99f77e3dd055114c14340c20d3,bd59c72d80ba4052bd8a41235d6ab75c794c056b31df5270fb5c9c0724e1a395,c7394cd957e01b4bc35d9c08808d5aa9c1f78a1faa5eb241f304c4a7932831bd,0.183942128,0.194922227,0000
518,001a,0010,e3b0c44298fc1c149afbf4c8996fb92427ae41e4649b934ca495991b7852b855,e3b0c44298fc1c149afbf4c8996fb92427ae41e4649b934ca495991b7852b855,cd68dde60b523f688caedec95abe05d8df8cbc070b1282b3b4e2bd19e48d8318,943360a9a5818959e33aa851d0ac4831c347ca8ca4b98b4e7e95a6abb99fcb34,e010ed09d4baf4ac5efe240fbdd22264e7caf3784e7fd56d689fc430610e13cc,0d3eb13046a372114ff88ccf4c3705c1d86a0f99f77e3dd055114c14340c20d3,85a574f3b5d132029e80f16190e05efd1a537bcf57b729d5cf6d43e88489dec3,93aaf0a3082507989c0bbc8d5e7a8fb5bbd81a4c0322be5c2455cf9cac8940f3,0.183944112,0.195052848,0000
519,001a,0010,e3b0c44298fc1c149afbf4c8996fb92427ae41e4649b934ca495991b7852b855,e3b0c44298fc1c149afbf4c8996fb92427ae41e4649b934ca495991b7852b855,8257fde34ea24057119aa7675f4253c61193edf65b617701e8a116527ee1e1a1,943360a9a5818959e33aa851d0ac4831c347ca8ca4b98b4e7e95a6abb99fcb34,e010ed09d4baf4ac5efe240fbdd22264e7caf3784e7fd56d689fc430610e13cc,0d3eb13046a372114ff88ccf4c3705c1d86a0f99f77e3dd055114c14340c20d3,c2cf602e515d1f36a2cf276cb82fe8f718407e1833829f114aa0d5af11e3d22b,ad8d47f6350b5c1f1bf39d1a5bf9e09080d78d469b2cbb2ce6a5a4ef0bc52a99,0.184054388,0.196046833,0000
520,001a,0010,e3b0c44298fc1c149afbf4c8996fb92427ae41e4649b934ca495991b7852b855,e3b0c44298fc1c149afbf4c8996fb92427ae41e4649b934ca495991b7852b855,0bc025030246f7d55e32340bcd34df909ccdae2ae951c40ebcef8e4943d1df7c,943360a9a5818959e33aa851d0ac4831c347ca8ca4b98b4e7e95a6abb99fcb34,e010ed09d4baf4ac5efe240fbdd22264e7caf3784e7fd56d689fc430610e13cc,0d3eb13046a372114ff88ccf4c3705c1d86a0f99f77e3dd055114c14340c20d3,d762f1fad7bfdb2508faae32dc6dd750d7757e87c1fe28c22da0768fa58998d2,566a091b782e81402c97db42f583bd8376767387e25c6c7d60f8c7fae26dc610,0.184053178,0.194933230,0000
521,001a,0010,e3b0c44298fc1c149afbf4c8996fb92427ae41e4649b934ca495991b7852b855,e3b0c44298fc1c149afbf4c8996fb92427ae41e4649b934ca495991b7852b855,d818c4838e0d6b3f249619f17c81bde5d0cd6232f1aaf37834eed226a368dcb0,943360a9a5818959e33aa851d0ac4831c347ca8ca4b98b4e7e95a6abb99fcb34,e010ed09d4baf4ac5efe240fbdd22264e7caf3784e7fd56d689fc430610e13cc,0d3eb13046a372114ff88ccf4c3705c1d86a0f99f77e3dd055114c14340c20d3,1dd132eafe4b4ca026191b7a3b35d6e2b9617d4750ae1682cd8eb94a6a374fd8,d5fe71e5cbfb843233d4da04869085b5625d7991fc7fcbc72e883c1498246329,0.183911322,0.194975819,0000
522,001a,0010,e3b0c44298fc1c149afbf4c8996fb92427ae41e4649b934ca495991b7852b855,e3b0c44298fc1c149afbf4c8996fb92427ae41e4649b934ca495991b7852b855,3a55b673b217227eeb7d06ce74c7655abef84533e67b2210c2e2e0253cb43a23,943360a9a5818959e33aa851d0ac4831c347ca8ca4b98b4e7e95a6abb99fcb34,e010ed09d4baf4ac5efe240fbdd22264e7caf3784e7fd56d689fc430610e13cc,0d3eb13046a372114ff88ccf4c3705c1d86a0f99f77e3dd055114c14340c20d3,4dad1106db9dd714ec2c3fa2ebf180a4e836588bf165b430e027874b853923c1,ff468b166185d2a6656457fdf2e9a999c132cc7561f201301ab7bae2f0e27212,0.183943712,0.195150660,0000
523,001a,0010,e3b0c44298fc1c149afbf4c8996fb92427ae41e4649b934ca495991b7852b855,e3b0c44298fc1c149afbf4c8996fb92427ae41e4649b934ca495991b7852b855,4f374a90cfbb5a366b2f282f5497d63197e380ab3ea4c63464d43c9304ba1b42,943360a9a5818959e33aa851d0ac4831c347ca8ca4b98b4e7e95a6abb99fcb34,e010ed09d4baf4ac5efe240fbdd22264e7caf3784e7fd56d689fc430610e13cc,0d3eb13046a372114ff88ccf4c3705c1d86a0f99f77e3dd055114c14340c20d3,db8464ee5074bd30ec81b09e481bafd08a8119fb4c0562fb27d4c8d1f42195de,0db99e7a6d84d45a8bedb1818fdfa94b7b956dbc4da0fe7f35fe49bc376f40e4,0.183924284,0.194970093,0000
524,001a,0010,e3b0c44298fc1c149afbf4c8996fb92427ae41e4649b934ca495991b7852b855,e3b0c44298fc1c149afbf4c8996fb92427ae41e4649b934ca495991b7852b855,aa14ce21588575066685762c302c0234d69a90a613f81bb73b07a1efc4cb6961,943360a9a5818959e33aa851d0ac4831c347ca8ca4b98b4e7e95a6abb99fcb34,e010ed09d4baf4ac5efe240fbdd22264e7caf3784e7fd56d689fc430610e13cc,0d3eb13046a372114ff88ccf4c3705c1d86a0f99f77e3dd055114c14340c20d3,e72e939bca0731e8ea1bad60d487adc752aa0011fb7e5ac937c2ee5a5be994ea,f6d5d07e4b278d719b450bc224122ec1f1b9d2795b92cf82bae2dc62dcad71e1,0.185947381,0.195040623,0000
525,001a,0010,e3b0c44298fc1c149afbf4c8996fb92427ae41e4649b934ca495991b7852b855,e3b0c44298fc1c149afbf4c8996fb92427ae41e4649b934ca495991b7852b855,10fc357fc6380bc5dfd4db6b850dfccc8ab34193464d182dea3272b4ea17c276,943360a9a5818959e33aa851d0ac4831c347ca8ca4b98b4e7e95a6abb99fcb34,e010ed09d4baf4ac5efe240fbdd22264e7caf3784e7fd56d689fc430610e13cc,0d3eb13046a372114ff88ccf4c3705c1d86a0f99f77e3dd055114c14340c20d3,ce3854f9c6460e18fd592c815c058112e9468b4e4b4c612226dec597cb47dc9b,df6642c529eec946ea36194122f4c5910b72b705baf90488eb128700d5dfa2d9,0.183176435,0.195926833,0000
526,001a,0010,e3b0c44298fc1c149afbf4c8996fb92427ae41e4649b934ca495991b7852b855,e3b0c44298fc1c149afbf4c8996fb92427ae41e4649b934ca495991b7852b855,d6cda62833401571068b38316d8221819babe41a13701dc4d2c0dcc69a3c7a34,943360a9a5818959e33aa851d0ac4831c347ca8ca4b98b4e7e95a6abb99fcb34,e010ed09d4baf4ac5efe240fbdd22264e7caf3784e7fd56d689fc430610e13cc,0d3eb13046a372114ff88ccf4c3705c1d86a0f99f77e3dd055114c14340c20d3,4990a8ee8313dea0f901aee627433fc8ef7181416979c5d504ed5dddceb9a7a4,6ce38c2166139b3774c2fcc43076bedcde31c35e3675c6da10b1658a6a59c76e,0.183843807,0.195038858,0000
527,001a,0010,e3b0c44298fc1c149afbf4c8996fb92427ae41e4649b934ca495991b7852b855,e3b0c44298fc1c149afbf4c8996fb92427ae41e4649b934ca495991b7852b855,5575492b15e99fa6dcd9440de415b0e2bcbe883258dc195a421c84f21eb317d9,943360a9a5818959e33aa851d0ac4831c347ca8ca4b98b4e7e95a6abb99fcb34,e010ed09d4baf4ac5efe240fbdd22264e7caf3784e7fd56d689fc430610e13cc,0d3eb13046a372114ff88ccf4c3705c1d86a0f99f77e3dd055114c14340c20d3,94fa43df22680827b9df2a6ca31954617c5038b588c39f11d7fbd79b5f10a1e1,007ce3f41c0dca633df6ba1ab2d53c6133f04adf642316480d407d9b070aee60,0.183942704,0.194149891,0000
528,001a,0010,e3b0c44298fc1c149afbf4c8996fb92427ae41e4649b934ca495991b7852b855,e3b0c44298fc1c149afbf4c8996fb92427ae41e4649b934ca495991b7852b855,53b144ebddb729f72469a3fcc8871bdc5dafb348bf2be351b5202dd2343f0d9a,943360a9a5818959e33aa851d0ac4831c347ca8ca4b98b4e7e95a6abb99fcb34,e010ed09d4baf4ac5efe240fbdd22264e7caf3784e7fd56d689fc430610e13cc,0d3eb13046a372114ff88ccf4c3705c1d86a0f99f77e3dd055114c14340c20d3,d5a6097cabab393a5d9b017eea37c0558290a71aa18c2b6500009be2bf226b4f,a08713a6e263bfab87d8d7a2527416e3de72c9a4b6458412993e394373294dbc,0.183866807,0.195043637,0000
529,001a,0010,e3b0c44298fc1c149afbf4c8996fb92427ae41e4649b934ca495991b7852b855,e3b0c44298fc1c149afbf4c8996fb92427ae41e4649b934ca495991b7852b855,0b39cf15bbe85cffe9c2bf5032200d2a972c49fc4f619f622614fe40acd1cc5e,943360a9a5818959e33aa851d0ac4831c347ca8ca4b98b4e7e95a6abb99fcb34,e010ed09d4baf4ac5efe240fbdd22264e7caf3784e7fd56d689fc430610e13cc,0d3eb13046a372114ff88ccf4c3705c1d86a0f99f77e3dd055114c14340c20d3,18a6d1d6cd4a7ef698f6f24019f401f377261410402e73c1c537a6d3900c542c,31d456bc6f0404a9d58b9ee3b9d820df3a2ed67a7c96169e8ef4c33d7cd13fb8,0.183917512,0.195049543,0000
530,001a,0010,e3b0c44298fc1c149afbf4c8996fb92427ae41e4649b934ca495991b7852b855,e3b0c44298fc1c149afbf4c8996fb92427ae41e4649b934ca495991b7852b855,a90b19aeab155b0d44eaa40878ecc0dfc16f200523693566306798db07ca8232,943360a9a5818959e33aa851d0ac4831c347ca8ca4b98b4e7e95a6abb99fcb34,e010ed09d4baf4ac5efe240fbdd22264e7caf3784e7fd56d689fc430610e13cc,0d3eb13046a372114ff88ccf4c3705c1d86a0f99f77e3dd055114c14340c20d3,2a4d09f3b42697347fda52cbc1fa2fe5bbd0b3b1d82f5c7dbf29cb142f6ed774,50a54fcc5827df3a70959b2ad990791cac1144dfa5434f68707534f2cbb591e6,0.184050701,0.196046345,0000
531,001a,0010,e3b0c44298fc1c149afbf4c8996fb92427ae41e4649b934ca495991b7852b855,e3b0c44298fc1c149afbf4c8996fb92427ae41e4649b934ca495991b7852b855,b1e5521be2195b6afca7650b93696a42116db4936e94038774c6d54e3c3e74f2,943360a9a5818959e33aa851d0ac4831c347ca8ca4b98b4e7e95a6abb99fcb34,e010ed09d4baf4ac5efe240fbdd22264e7caf3784e7fd56d689fc430610e13cc,0d3eb13046a372114ff88ccf4c3705c1d86a0f99f77e3dd055114c14340c20d3,f4dae96d44436ea53cc92842aa0ea8a56bd37964ceb5823a3d21ba2b212666e5,ca6b41cfc0c014bbb9fa020c518cc7d5b27c3c45795b8a480ee1a218d3652655,0.183840001,0.195048700,0000
532,001a,0010,e3b0c44298fc1c149afbf4c8996fb92427ae41e4649b934ca495991b7852b855,e3b0c44298fc1c149afbf4c8996fb92427ae41e4649b934ca495991b7852b855,2f8fd60c411c0107632881183888732a82c1275e600743feb118a4124661bb41,943360a9a5818959e33aa851d0ac4831c347ca8ca4b98b4e7e95a6abb99fcb34,e010ed09d4baf4ac5efe240fbdd22264e7caf3784e7fd56d689fc430610e13cc,0d3eb13046a372114ff88ccf4c3705c1d86a0f99f77e3dd055114c14340c20d3,edfd44cc5b17d9068e60bcf09bb53336002fbc21a434bcf7450411f08e5ff51f,eacbc08e2dacdf466428898155037ea7cce40f5016d5c8124d05cf6a0c4f9ee4,0.183822553,0.195050039,0000
533,001a,0010,e3b0c44298fc1c149afbf4c8996fb92427ae41e4649b934ca495991b7852b855,e3b0c44298fc1c149afbf4c8996fb92427ae41e4649b934ca495991b7852b855,f6f9c32796140da20ef3165bf40c361054d28b792ad88611d90577b4eae2cd52,943360a9a5818959e33aa851d0ac4831c347ca8ca4b98b4e7e95a6abb99fcb34,e010ed09d4baf4ac5efe240fbdd22264e7caf3784e7fd56d689fc430610e13cc,0d3eb13046a372114ff88ccf4c3705c1d86a0f99f77e3dd055114c14340c20d3,c10db01a3ae3e9e379801f02d7217f5748df02b75736ccc7e39bb39675315e54,1aaaec3df584d916c69f862601563206956c0866a360dd2317fb96c7959810d0,0.183890163,0.194222416,0000
534,001a,0010,e3b0c44298fc1c149afbf4c8996fb92427ae41e4649b934ca495991b7852b855,e3b0c44298fc1c149afbf4c8996fb92427ae41e4649b934ca495991b7852b855,8403d4bc0e42c52fe43a154e6c259dcca115e841d1c4bc34992a532e8ea27f2e,943360a9a5818959e33aa851d0ac4831c347ca8ca4b98b4e7e95a6abb99fcb34,e010ed09d4baf4ac5efe240fbdd22264e7caf3784e7fd56d689fc430610e13cc,0d3eb13046a372114ff88ccf4c3705c1d86a0f99f77e3dd055114c14340c20d3,8b9f39dfe721e43747e36dbdf2bfea2af751b76df31632beabd67e4e16c400bc,458a7006ad52cccaee5bac502074cc7b2c6134a2a240a14000cede87b1ba67df,0.185966112,0.195043451,0000
535,001a,0010,e3b0c44298fc1c149afbf4c8996fb92427ae41e4649b934ca495991b7852b855,e3b0c44298fc1c149afbf4c8996fb92427ae41e4649b934ca495991b7852b855,6c4df6ca765ea061abf06dfd74c65466b40d0b22c5afb68ada7e92f111985ee2,943360a9a5818959e33aa851d0ac4831c347ca8ca4b98b4e7e95a6abb99fcb34,e010ed09d4baf4ac5efe240fbdd22264e7caf3784e7fd56d689fc430610e13cc,0d3eb13046a372114ff88ccf4c3705c1d86a0f99f77e3dd055114c14340c20d3,fd4a1d3613aa53dd9fccad1ccdb7a0d926082f8f109277eaf47296e9155ee47d,0227bd2361fd3e39cdaf1d7d0a624429ccef36068ea1d573f7b3c00245014438,0.183942686,0.196132059,0000
536,001a,0010,e3b0c44298fc1c149afbf4c8996fb92427ae41e4649b934ca495991b7852b855,e3b0c44298fc1c149afbf4c8996fb92427ae41e4649b934ca495991b7852b855,9f1dfa819eb459af6a1a4674ecc745fa76c2bc0d74f4b0ba37defbf72a028bad,943360a9a5818959e33aa851d0ac4831c347ca8ca4b98b4e7e95a6abb99fcb34,e010ed09d4baf4ac5efe240fbdd22264e7caf3784e7fd56d689fc430610e13cc,0d3eb13046a372114ff88ccf4c3705c1d86a0f99f77e3dd055114c14340c20d3,31fdc70c500f25b56d40cd2fd3b2fd8a683e6c55662d8c88ab61d0050f6fe9f3,2041cafeab21d34e48e41f420bbbb243c49c01124db59b4779428f4bfe217677,0.186033755,0.194966287,0000
537,001a,0010,e3b0c44298fc1c149afbf4c8996fb92427ae41e4649b934ca495991b7852b855,e3b0c44298fc1c149afbf4c8996fb92427ae41e4649b934ca495991b7852b855,f12798d53a9f03588610de9ff1b2b9b1f193d5b85012d03b72852739426254db,943360a9a5818959e33aa851d0ac4831c347ca8ca4b98b4e7e95a6abb99fcb34,e010ed09d4baf4ac5efe240fbdd22264e7caf3784e7fd56d689fc430610e13cc,0d3eb13046a372114ff88ccf4c3705c1d86a0f99f77e3dd055114c14340c20d3,f6031ec389ee32d7edca23f74e019c723d0fbeaa66fe1019d9a605906a9a5259,719597112898486cc1d2f682df36f4e3bcbb566b5565c126f5a51d1cfdce28da,0.184170935,0.194818489,0000
538,001a,0010,e3b0c44298fc1c149afbf4c8996fb92427ae41e4649b934ca495991b7852b855,e3b0c44298fc1c149afbf4c8996fb92427ae41e4649b934ca495991b7852b855,b831d64003d994a580dfc7a042e41a2e8143b12b03d87126f8c84f7de9586c98,943360a9a5818959e33aa851d0ac4831c347ca8ca4b98b4e7e95a6abb99fcb34,e010ed09d4baf4ac5efe240fbdd22264e7caf3784e7fd56d689fc430610e13cc,0d3eb13046a372114ff88ccf4c3705c1d86a0f99f77e3dd055114c14340c20d3,af7ece23569c7162e78f47d3f52e0c09555e41332e842d08e1c7001820d6f8d5,09edca781c320d5ab80ea189857ceb6e4bcf2e5cbbb5708ca1b4c84f9f1885a6,0.183135958,0.194855273,0000
539,001a,0010,e3b0c44298fc1c149afbf4c8996fb92427ae41e4649b934ca495991b7852b855,e3b0c44298fc1c149afbf4c8996fb92427ae41e4649b934ca495991b7852b855,7c18109c6ffeda41365f0a9a6fc00d8993a9114a1f4b47312d1d72c2118d9258,943360a9a5818959e33aa851d0ac4831c347ca8ca4b98b4e7e95a6abb99fcb34,e010ed09d4baf4ac5efe240fbdd22264e7caf3784e7fd56d689fc430610e13cc,0d3eb13046a372114ff88ccf4c3705c1d86a0f99f77e3dd055114c14340c20d3,d93bff9e8dac6f0df398a7bc8d2329688fec289884bfbaea45d5c4dcf3498325,54b12f25d55f61f27953f7614dc0be3eff41a8d55b857b6cb44f4533defc7345,0.183838074,0.194047845,0000
540,001a,0010,e3b0c44298fc1c149afbf4c8996fb92427ae41e4649b934ca495991b7852b855,e3b0c44298fc1c149afbf4c8996fb92427ae41e4649b934ca495991b7852b855,67d0cca11367524d29429710fb1cc1b77a6ac63c34cff4187a8fda12c14454d1,943360a9a5818959e33aa851d0ac4831c347ca8ca4b98b4e7e95a6abb99fcb34,e010ed09d4baf4ac5efe240fbdd22264e7caf3784e7fd56d689fc430610e13cc,0d3eb13046a372114ff88ccf4c3705c1d86a0f99f77e3dd055114c14340c20d3,51b05b2aef5570060b585300ea9847a13c2770de54589629e4780bf6e4969875,734e4e92e24185f0ae94ff5c31cb809e84e80115a5acef5458e5350c3ecd27ca,0.183170189,0.195926891,0000
541,001a,0010,e3b0c44298fc1c149afbf4c8996fb92427ae41e4649b934ca495991b7852b855,e3b0c44298fc1c149afbf4c8996fb92427ae41e4649b934ca495991b7852b855,33ade1282bd886b20ea7890666b21205ad365b020332170bcfdfca2bdb1b92b4,943360a9a5818959e33aa851d0ac4831c347ca8ca4b98b4e7e95a6abb99fcb34,e010ed09d4baf4ac5efe240fbdd22264e7caf3784e7fd56d689fc430610e13cc,0d3eb13046a372114ff88ccf4c3705c1d86a0f99f77e3dd055114c14340c20d3,7d4fdb6b8e7d8f3e27dd579c8b2bddf83e358801348a42c344b6fa222d91e9f3,07cfaa4a977cc46257fc8eb4863d6fb9065b8ceb46b529f788d31104842b8f18,0.186017759,0.194973104,0000
542,001a,0010,e3b0c44298fc1c149afbf4c8996fb92427ae41e4649b934ca495991b7852b855,e3b0c44298fc1c149afbf4c8996fb92427ae41e4649b934ca495991b7852b855,54011cc6b17327fe2d7bb1c5de5209d3734879023203c4379e452dc9d01fde8d,943360a9a5818959e33aa851d0ac4831c347ca8ca4b98b4e7e95a6abb99fcb34,e010ed09d4baf4ac5efe240fbdd22264e7caf3784e7fd56d689fc430610e13cc,0d3eb13046a372114ff88ccf4c3705c1d86a0f99f77e3dd055114c14340c20d3,067f1843a07134b473851178f73e483f551c26ed571c3de82dedd2b99dd49a34,2505cd89b2a85f9e681d3dc935ad195fd11fe8badb57009b2d8e95f2d4cff3f5,0.183954061,0.194048002,0000
543,001a,0010,e3b0c44298fc1c149afbf4c8996fb92427ae41e4649b934ca495991b7852b855,e3b0c44298fc1c149afbf4c8996fb92427ae41e4649b934ca495991b7852b855,489697098c672f0dfa9f626f651e09b1e4d9af6a01ca5ca58b9705bb20c87ec2,943360a9a5818959e33aa851d0ac4831c347ca8ca4b98b4e7e95a6abb99fcb34,e010ed09d4baf4ac5efe240fbdd22264e7caf3784e7fd56d689fc430610e13cc,0d3eb13046a372114ff88ccf4c3705c1d86a0f99f77e3dd055114c14340c20d3,fde3e5b611afcbce4a1d9ae5c81d26d72144b1c2d422a22f93c65dc363de4b5d,cafb9a3d928e4a09ac4c01b5c3be49a06827cb94ac1e425e00e911441ac31950,0.185973678,0.194935626,0000
544,001a,0010,e3b0c44298fc1c149afbf4c8996fb92427ae41e4649b934ca495991b7852b855,e3b0c44298fc1c149afbf4c8996fb92427ae41e4649b934ca495991b7852b855,69b5c0c802b5f6bb4bbbfd4db3405c9e3718cae50665c9f7cc71f4d64ab06752,943360a9a5818959e33aa851d0ac4831c347ca8ca4b98b4e7e95a6abb99fcb34,e010ed09d4baf4ac5efe240fbdd22264e7caf3784e7fd56d689fc430610e13cc,0d3eb13046a372114ff88ccf4c3705c1d86a0f99f77e3dd055114c14340c20d3,ef57627a1aacafef6cbf76f96137f0b71a00a7b0c1d8e37a9174e945b00b6108,6c13093359817857b086255713b37871d243051364b16d528cb069d168fa772b,0.183839450,0.196123216,0000
545,001a,0010,e3b0c44298fc1c149afbf4c8996fb92427ae41e4649b934ca495991b7852b855,e3b0c44298fc1c149afbf4c8996fb92427ae41e4649b934ca495991b7852b855,ca60375734f071e73d66d9a87bc14ee8de4553f1ac7bfaf45eb36a7081622b2b,943360a9a5818959e33aa851d0ac4831c347ca8ca4b98b4e7e95a6abb99fcb34,e010ed09d4baf4ac5efe240fbdd22264e7caf3784e7fd56d689fc430610e13cc,0d3eb13046a372114ff88ccf4c3705c1d86a0f99f77e3dd055114c14340c20d3,4166e29b554c209fcceede31fe6eee25b1f46512dc7abba0342583c2e6821cbb,760580c06677c53e62c328aa31d1158c34a067f4854984ce54faee5f0ca56a83,0.182868044,0.196151258,0000
546,001a,0010,e3b0c44298fc1c149afbf4c8996fb92427ae41e4649b934ca495991b7852b855,e3b0c44298fc1c149afbf4c8996fb92427ae41e4649b934ca495991b7852b855,685660adf3c9b99e3d0ddf8cf0493f9f8bf360ebf6778a1dcfe775bab678239b,943360a9a5818959e33aa851d0ac4831c347ca8ca4b98b4e7e95a6abb99fcb34,e010ed09d4baf4ac5efe240fbdd22264e7caf3784e7fd56d689fc430610e13cc,0d3eb13046a372114ff88ccf4c3705c1d86a0f99f77e3dd055114c14340c20d3,015a3dbfda24d5b0e0ca2a144a9ef3c28c561b91854604d1884fd5b22b680097,1ee236b8b27beae42a25004b8fa8606a9b437e6bf3b2fdb1a20c9fa9e5a55563,0.184025394,0.196049931,0000
547,001a,0010,e3b0c44298fc1c149afbf4c8996fb92427ae41e4649b934ca495991b7852b855,e3b0c44298fc1c149afbf4c8996fb92427ae41e4649b934ca495991b7852b855,8dbdccd7ce0807a069f2efe2b86e507880a25b87cf1a7a905d7f8fad3545c13d,943360a9a5818959e33aa851d0ac4831c347ca8ca4b98b4e7e95a6abb99fcb34,e010ed09d4baf4ac5efe240fbdd22264e7caf3784e7fd56d689fc430610e13cc,0d3eb13046a372114ff88ccf4c3705c1d86a0f99f77e3dd055114c14340c20d3,91ac7447b6d94181bf38427f7b4d0eb73ab11169482532ea78a163cbd6b788a1,70a0a89c9af3a590a8ea4704e1e2c97dec952b7c52d53b8349b66affc0bfc5f8,0.183841000,0.195043408,0000
548,001a,0010,e3b0c44298fc1c149afbf4c8996fb92427ae41e4649b934ca495991b7852b855,e3b0c44298fc1c149afbf4c8996fb92427ae41e4649b934ca495991b7852b855,fbd157f36132160562b2410ed5e6505edaef638aea9bb8041b5d25db0a2f1759,943360a9a5818959e33aa851d0ac4831c347ca8ca4b98b4e7e95a6abb99fcb34,e010ed09d4baf4ac5efe240fbdd22264e7caf3784e7fd56d689fc430610e13cc,0d3eb13046a372114ff88ccf4c3705c1d86a0f99f77e3dd055114c14340c20d3,85d815a9a936b59a16808457fe5d86555feaa529372f3e578fbb2e4b2d219358,91db273d9183920d0efb2391097a4c6a43e688885503cbb310463c95d875c23b,0.183699198,0.195150257,0000
549,001a,0010,e3b0c44298fc1c149afbf4c8996fb92427ae41e4649b934ca495991b7852b855,e3b0c44298fc1c149afbf4c8996fb92427ae41e4649b934ca495991b7852b855,ed87eba2ad6a1e42b8f952f2e99c7a02ebfd931e680bccedbaa4e4ea797ad277,943360a9a5818959e33aa851d0ac4831c347ca8ca4b98b4e7e95a6abb99fcb34,e010ed09d4baf4ac5efe240fbdd22264e7caf3784e7fd56d689fc430610e13cc,0d3eb13046a372114ff88ccf4c3705c1d86a0f99f77e3dd055114c14340c20d3,08d4cdc56a3faee08035d1bf6519e624488e515e192affe234715496016011ea,02aaaedd189d9d11df3667f7df7860e1bcdaede6128b9e355cc84ab9fb1ca075,0.184047128,0.196191827,0000
550,001a,0010,e3b0c44298fc1c149afbf4c8996fb92427ae41e4649b934ca495991b7852b855,e3b0c44298fc1c149afbf4c8996fb92427ae41e4649b934ca495991b7852b855,4424ab5dee05eb155334421c456b1a44b201cf37c60c2a767c78aa54ce38891c,943360a9a5818959e33aa851d0ac4831c347ca8ca4b98b4e7e95a6abb99fcb34,e010ed09d4baf4ac5efe240fbdd22264e7caf3784e7fd56d689fc430610e13cc,0d3eb13046a372114ff88ccf4c3705c1d86a0f99f77e3dd055114c14340c20d3,28391d68407d8749f317b0be0de6b1b1022b1ace2af0cb03da654ca2567790fc,950ee882a733c32b516febebc3de62261fd337ab3c821058071613862965e4aa,0.185942973,0.194941981,0000
551,001a,0010,e3b0c44298fc1c149afbf4c8996fb92427ae41e4649b934ca495991b7852b855,e3b0c44298fc1c149afbf4c8996fb92427ae41e4649b934ca495991b7852b855,7b30f8df4f390e6c7da2e2d92b6fad81ce923aab42b4e96f4b55e1d1886c7a65,943360a9a5818959e33aa851d0ac4831c347ca8ca4b98b4e7e95a6abb99fcb34,e010ed09d4baf4ac5efe240fbdd22264e7caf3784e7fd56d689fc430610e13cc,0d3eb13046a372114ff88ccf4c3705c1d86a0f99f77e3dd055114c14340c20d3,097eea1bea7687270ababe8e9855c6a19e9378b76f7c5fb14add3e4ebc6e17e7,36a25bdea6e36f9e67cdc4af72d226518c08f707007abc03aed514ae1e778d19,0.183844706,0.196152715,0000
552,001a,0010,e3b0c44298fc1c149afbf4c8996fb92427ae41e4649b934ca495991b7852b855,e3b0c44298fc1c149afbf4c8996fb92427ae41e4649b934ca495991b7852b855,34f38c2733669a3e7dc31b055b8353800bf772d9c43ae1ab226c6063447df6ef,943360a9a5818959e33aa851d0ac4831c347ca8ca4b98b4e7e95a6abb99fcb34,e010ed09d4baf4ac5efe240fbdd22264e7caf3784e7fd56d689fc430610e13cc,0d3eb13046a372114ff88ccf4c3705c1d86a0f99f77e3dd055114c14340c20d3,c8cc034174a35f9ea82267c1f4d69c528f648fbdb188584caf4ad6183df0b5b6,e8fb65e064288df35af3ad552e03b5a244c02e9f8c04e674cade64d770bd2731,0.183820221,0.196066534,0000
553,001a,0010,e3b0c44298fc1c149afbf4c8996fb92427ae41e4649b934ca495991b7852b855,e3b0c44298fc1c149afbf4c8996fb92427ae41e4649b934ca495991b7852b855,a195d285df2ed2c3097861e3e043170ec0f19658dc0f640f50ae7356b3d19e72,943360a9a5818959e33aa851d0ac4831c347ca8ca4b98b4e7e95a6abb99fcb34,e010ed09d4baf4ac5efe240fbdd22264e7caf3784e7fd56d689fc430610e13cc,0d3eb13046a372114ff88ccf4c3705c1d86a0f99f77e3dd055114c14340c20d3,3224632922c9ca15500fe236ac996f7ae138a183c6e2a8dac914e8c2e5d70ca3,053ba9ff5cdacb600b0f1b68ff6a32963d271b1c232201c1b6c1738c4ccfb1e8,0.183172115,0.196028440,0000
554,001a,0010,e3b0c44298fc1c149afbf4c8996fb92427ae41e4649b934ca495991b7852b855,e3b0c44298fc1c149afbf4c8996fb92427ae41e4649b934ca495991b7852b855,aee7fe9a69eadbf481615a61376cb992b67aa8864a4ebfc42c4c5d062129ec4a,943360a9a5818959e33aa851d0ac4831c347ca8ca4b98b4e7e95a6abb99fcb34,e010ed09d4baf4ac5efe240fbdd22264e7caf3784e7fd56d689fc430610e13cc,0d3eb13046a372114ff88ccf4c3705c1d86a0f99f77e3dd055114c14340c20d3,ec8ee02b0f18490754badf21376da55e326cb03966474f6c91b95fe09c167cce,28517496bbbdcd28852d4bdf3306479b60a1da06276789555fe2ef6f042f49a2,0.183950308,0.195043937,0000
555,001a,0010,e3b0c44298fc1c149afbf4c8996fb92427ae41e4649b934ca495991b7852b855,e3b0c44298fc1c149afbf4c8996fb92427ae41e4649b934ca495991b7852b855,686d83dd3e11174d2015eaf7e74c0bbd612be0cd2886eb67a93a2985d4d64147,943360a9a5818959e33aa851d0ac4831c347ca8ca4b98b4e7e95a6abb99fcb34,e010ed09d4baf4ac5efe240fbdd22264e7caf3784e7fd56d689fc430610e13cc,0d3eb13046a372114ff88ccf4c3705c1d86a0f99f77e3dd055114c14340c20d3,da3c90a4c7a1cf58b57dcaa3fe8816b208f77be49ddde22208582ecaf47a6a14,e91c6b1b4ac0eaa30e4297374238cb398cedaecfe4c5851d774aa75cb637cc9d,0.183963572,0.194956544,0000
556,001a,0010,e3b0c44298fc1c149afbf4c8996fb92427ae41e4649b934ca495991b7852b855,e3b0c44298fc1c149afbf4c8996fb92427ae41e4649b934ca495991b7852b855,aa54d018c7b3ba069cf224baefc00c6787009b7f3ce06cf58b5b4603720cbec9,943360a9a5818959e33aa851d0ac4831c347ca8ca4b98b4e7e95a6abb99fcb34,e010ed09d4baf4ac5efe240fbdd22264e7caf3784e7fd56d689fc430610e13cc,0d3eb13046a372114ff88ccf4c3705c1d86a0f99f77e3dd055114c14340c20d3,bba783066b0361eb67e78d6dee8d3ff2eb6e70492735056f9e7a749821b830e5,15b300082ded38905c461b28c8bc8bba850328d5dd211a67f1087f97184dfa87,0.182839524,0.195117099,0000
557,001a,0010,e3b0c44298fc1c149afbf4c8996fb92427ae41e4649b934ca495991b7852b855,e3b0c44298fc1c149afbf4c8996fb92427ae41e4649b934ca495991b7852b855,5ef7c3977f213e8852bf87f95355bcfbbcc0506f13d997661cdea8352d662838,943360a9a5818959e33aa851d0ac4831c347ca8ca4b98b4e7e95a6abb99fcb34,e010ed09d4baf4ac5efe240fbdd22264e7caf3784e7fd56d689fc430610e13cc,0d3eb13046a372114ff88ccf4c3705c1d86a0f99f77e3dd055114c14340c20d3,9473633bf96fcc487c98c437921d856ae661dc71522a6bd57c0ed86fde6e322a,b47bec7b1cdae7e9cf2830ed764002eb2643b681f30e5969b61ed3811f9b4c3c,0.185826013,0.195047295,0000
558,001a,0010,e3b0c44298fc1c149afbf4c8996fb92427ae41e4649b934ca495991b7852b855,e3b0c44298fc1c149afbf4c8996fb92427ae41e4649b934ca495991b7852b855,1226a1bc880d28d749c6ca8fb0e24dc6440ead5210106a42719c687a6d4a7d6f,943360a9a5818959e33aa851d0ac4831c347ca8ca4b98b4e7e95a6abb99fcb34,e010ed09d4baf4ac5efe240fbdd22264e7caf3784e7fd56d689fc430610e13cc,0d3eb13046a372114ff88ccf4c3705c1d86a0f99f77e3dd055114c14340c20d3,6ae329a6acff2116b011919f48056d2fca9784614ed0e32d93fe9adff261dfa2,1b6b7428c0a4092fe786d93716cfb392ab2fb8370104f070ec08e9f5cf9ce4cf,0.183716973,0.194276094,0000
559,001a,0010,e3b0c44298fc1c149afbf4c8996fb92427ae41e4649b934ca495991b7852b855,e3b0c44298fc1c149afbf4c8996fb92427ae41e4649b934ca495991b7852b855,5e49bb5869068f975dbb5863a9711e84a0ac949b3ded5afbf701221700b1f0b0,943360a9a5818959e33aa851d0ac4831c347ca8ca4b98b4e7e95a6abb99fcb34,e010ed09d4baf4ac5efe240fbdd22264e7caf3784e7fd56d689fc430610e13cc,0d3eb13046a372114ff88ccf4c3705c1d86a0f99f77e3dd055114c14340c20d3,2bef1dd2b169296320a3ad668169e93154c2ecb3d4853fe142c8c107d73472b3,a2da8fbef56bc1fd9c03557731c03faa7cc2d835689c8c81017db45ffc7c1eea,0.183948200,0.196271481,0000
560,001a,0010,e3b0c44298fc1c149afbf4c8996fb92427ae41e4649b934ca495991b7852b855,e3b0c44298fc1c149afbf4c8996fb92427ae41e4649b934ca495991b7852b855,0550c0ce576e6aedd0bbde5b920a0861561a964aef43e07f6f2b12b966c065d2,943360a9a5818959e33aa851d0ac4831c347ca8ca4b98b4e7e95a6abb99fcb34,e010ed09d4baf4ac5efe240fbdd22264e7caf3784e7fd56d689fc430610e13cc,0d3eb13046a372114ff88ccf4c3705c1d86a0f99f77e3dd055114c14340c20d3,973a307c6b73fbc1f2a8183acdf4058922b765a6e76f678aa9f879cf8fee3978,76f9956a6de0b38813f06eb402b2b949b19cbd51d13f7ee80a4a2d02fa8785cd,0.183775839,0.195041780,0000
561,001a,0010,e3b0c44298fc1c149afbf4c8996fb92427ae41e4649b934ca495991b7852b855,e3b0c44298fc1c149afbf4c8996fb92427ae41e4649b934ca495991b7852b855,cf7382251f7cb669de3082c4032dfa27e3eefdba3fb4ceb7b996eb780c2fa5c8,943360a9a5818959e33aa851d0ac4831c347ca8ca4b98b4e7e95a6abb99fcb34,e010ed09d4baf4ac5efe240fbdd22264e7caf3784e7fd56d689fc430610e13cc,0d3eb13046a372114ff88ccf4c3705c1d86a0f99f77e3dd055114c14340c20d3,18dd1a36957537a77fc6c60a065906436532834ad1dfaeb7bb5ea740607e9e6c,eda3e3c2e4db46ee34e2ae96c6dbec2211035b6422c0319795845d0566ad1720,0.183844979,0.196216528,0000
562,001a,0010,e3b0c44298fc1c149afbf4c8996fb92427ae41e4649b934ca495991b7852b855,e3b0c44298fc1c149afbf4c8996fb92427ae41e4649b934ca495991b7852b855,ef18a4f8a774eb1f7f87fb46f3f78397d8092c0e56d0d9500bf678face40ee66,943360a9a5818959e33aa851d0ac4831c347ca8ca4b98b4e7e95a6abb99fcb34,e010ed09d4baf4ac5efe240fbdd22264e7caf3784e7fd56d689fc430610e13cc,0d3eb13046a372114ff88ccf4c3705c1d86a0f99f77e3dd055114c14340c20d3,b132db5724e4763ae6fc0fc42fa015b6c8464820ac0a6e23795f19b9acd8a6d5,2b694fe8e7559702e8a71a7358e748d30e266c5a09360617e7fe5be194436a32,0.184049262,0.196038310,0000
563,001a,0010,e3b0c44298fc1c149afbf4c8996fb92427ae41e4649b934ca495991b7852b855,e3b0c44298fc1c149afbf4c8996fb92427ae41e4649b934ca495991b7852b855,d6970a775180fbe25f756001b8faf93732784804ae43383ea3e6e3d27eccecdb,943360a9a5818959e33aa851d0ac4831c347ca8ca4b98b4e7e95a6abb99fcb34,e010ed09d4baf4ac5efe240fbdd22264e7caf3784e7fd56d689fc430610e13cc,0d3eb13046a372114ff88ccf4c3705c1d86a0f99f77e3dd055114c14340c20d3,26a16a20b5ff3072b9f7b43d11360c12960e3ee162f3cc264b9acaa78ddfaddf,1bf52c92427c3952fef7bd6889d1e153ccb38032759736ab4295edfd9eb49a87,0.185946883,0.194946258,0000
564,001a,0010,e3b0c44298fc1c149afbf4c8996fb92427ae41e4649b934ca495991b7852b855,e3b0c44298fc1c149afbf4c8996fb92427ae41e4649b934ca495991b7852b855,ae9b7d914091292ba67aef6e35d857d200251c5223c9d37f6328bdd57e41cdb2,943360a9a5818959e33aa851d0ac4831c347ca8ca4b98b4e7e95a6abb99fcb34,e010ed09d4baf4ac5efe240fbdd22264e7caf3784e7fd56d689fc430610e13cc,0d3eb13046a372114ff88ccf4c3705c1d86a0f99f77e3dd055114c14340c20d3,823a62adb6ccdddef3395c91b4da3c7716c6f80c0092cdcea6cb52907b2f6c51,2c6810d9694870f2d6c64f96110b581b7f7243ce7667c5434c6d31df9263ebe6,0.184050863,0.196040022,0000
565,001a,0010,e3b0c44298fc1c149afbf4c8996fb92427ae41e4649b934ca495991b7852b855,e3b0c44298fc1c149afbf4c8996fb92427ae41e4649b934ca495991b7852b855,10e0a654e5a0ea3e963aae4d9c2b99c6393fddf28db5dfd1255fd80ebdcd725f,943360a9a5818959e33aa851d0ac4831c347ca8ca4b98b4e7e95a6abb99fcb34,e010ed09d4baf4ac5efe240fbdd22264e7caf3784e7fd56d689fc430610e13cc,0d3eb13046a372114ff88ccf4c3705c1d86a0f99f77e3dd055114c14340c20d3,f99cf045cfcc238e23fb1608a2d012aa3eff193bb5fe625cd7132cc8e0d9bc4a,a6e96ad99ab2c1ef1995f9783ab1ff984da277be3ff7d3aaa1068ef14fe8c78e,0.183044585,0.194949256,0000
566,001a,0010,e3b0c44298fc1c149afbf4c8996fb92427ae41e4649b934ca495991b7852b855,e3b0c44298fc1c149afbf4c8996fb92427ae41e4649b934ca495991b7852b855,92621da50d7df0f072bbe64e159caab7e009577e11a26baf8ee9d5c420432d89,943360a9a5818959e33aa851d0ac4831c347ca8ca4b98b4e7e95a6abb99fcb34,e010ed09d4baf4ac5efe240fbdd22264e7caf3784e7fd56d689fc430610e13cc,0d3eb13046a372114ff88ccf4c3705c1d86a0f99f77e3dd055114c14340c20d3,5a95fb37bf193d6c2ed6705a3d9ece6281a88b671d401a35f61d03039cb658f6,900e69db60ee666fe60aa95b441462351193e63be2833a26a6d726c54e7fa010,0.184050206,0.195943205,0000
567,001a,0010,e3b0c44298fc1c149afbf4c8996fb92427ae41e4649b934ca495991b7852b855,e3b0c44298fc1c149afbf4c8996fb92427ae41e4649b934ca495991b7852b855,7aba185dc768e50c2243bc131084534544d73fab3f491ca492155fd8a9796c20,943360a9a5818959e33aa851d0ac4831c347ca8ca4b98b4e7e95a6abb99fcb34,e010ed09d4baf4ac5efe240fbdd22264e7caf3784e7fd56d689fc430610e13cc,0d3eb13046a372114ff88ccf4c3705c1d86a0f99f77e3dd055114c14340c20d3,58a825e5af0c630580003454758335d6258ec3a445484199e2b91cfa24af47ec,435d1db659df66b5a96ecfd7f2299855b2ff4112c34b28badf164cc0293ac1fd,0.186173152,0.194820692,0000
568,001a,0010,e3b0c44298fc1c149afbf4c8996fb92427ae41e4649b934ca495991b7852b855,e3b0c44298fc1c149afbf4c8996fb92427ae41e4649b934ca495991b7852b855,d0521c42c3bf1855dac97dcf32d57d824bdfd2eb6c1ca36c838cc40d8df8f56e,943360a9a5818959e33aa851d0ac4831c347ca8ca4b98b4e7e95a6abb99fcb34,e010ed09d4baf4ac5efe240fbdd22264e7caf3784e7fd56d689fc430610e13cc,0d3eb13046a372114ff88ccf4c3705c1d86a0f99f77e3dd055114c14340c20d3,85c41a71063e75dbd2426c6c7d50ddaf68d320db6b33ea11cd0f9d206240f5a2,6b8a0e487ca011221be5ccb8ecd86f5ad88bf0994201c20dad26b5fc2c33b208,0.186095441,0.194822496,0000
569,001a,0010,e3b0c44298fc1c149afbf4c8996fb92427ae41e4649b934ca495991b7852b855,e3b0c44298fc1c149afbf4c8996fb92427ae41e4649b934ca495991b7852b855,e3a33596d1537acc3662c9d4cefd254ae627772b7867b7029e4ee75f61f92089,943360a9a5818959e33aa851d0ac4831c347ca8ca4b98b4e7e95a6abb99fcb34,e010ed09d4baf4ac5efe240fbdd22264e7caf3784e7fd56d689fc430610e13cc,0d3eb13046a372114ff88ccf4c3705c1d86a0f99f77e3dd055114c14340c20d3,38f53bec26a1c0a0f9ab93f0f0ca3f0c1cd977118241b927314bed8d1fb5c0c6,7bb8301e4a5066369b2d5bbc3ffb50c94df56274b46eb45d32be38e1021f224f,0.183941375,0.196119984,0000
570,001a,0010,e3b0c44298fc1c149afbf4c8996fb92427ae41e4649b934ca495991b7852b855,e3b0c44298fc1c149afbf4c8996fb92427ae41e4649b934ca495991b7852b855,344ed9b59d735b9a27313751f1d88ef521ec9d9e92b077c36534fa27a8181666,943360a9a5818959e33aa851d0ac4831c347ca8ca4b98b4e7e95a6abb99fcb34,e010ed09d4baf4ac5efe240fbdd22264e7caf3784e7fd56d689fc430610e13cc,0d3eb13046a372114ff88ccf4c3705c1d86a0f99f77e3dd055114c14340c20d3,e0bc94de549c9f238d8a5814129be829dd53fb31d03056c2dda33b3f19aef1f1,3588ce794b8d87374c9aed72f3d5e3fdf11ef2ea3c26b132fc5242e5d263702d,0.183946262,0.194051346,0000
571,001a,0010,e3b0c44298fc1c149afbf4c8996fb92427ae41e4649b934ca495991b7852b855,e3b0c44298fc1c149afbf4c8996fb92427ae41e4649b934ca495991b7852b855,e97227479dd5c46ddba2ab54f92e5541edaa7998a3419895c27a1cf4456ebb7e,943360a9a5818959e33aa851d0ac4831c347ca8ca4b98b4e7e95a6abb99fcb34,e010ed09d4baf4ac5efe240fbdd22264e7caf3784e7fd56d689fc430610e13cc,0d3eb13046a372114ff88ccf4c3705c1d86a0f99f77e3dd055114c14340c20d3,548b364f5500073982242279f7d641b096f283ad7ec431dc06aef9fe36d6bbca,9c2260bcd10dd3710fa081db8a69d40ee3a560358d0a81e708fb81010185bdde,0.184071012,0.194942072,0000
572,001a,0010,e3b0c44298fc1c149afbf4c8996fb92427ae41e4649b934ca495991b7852b855,e3b0c44298fc1c149afbf4c8996fb92427ae41e4649b934ca495991b7852b855,70483ff9fc90dd22aa3de31687ed9a5bcd6436204fa122f70104d9d3f38079a3,943360a9a5818959e33aa851d0ac4831c347ca8ca4b98b4e7e95a6abb99fcb34,e010ed09d4baf4ac5efe240fbdd22264e7caf3784e7fd56d689fc430610e13cc,0d3eb13046a372114ff88ccf4c3705c1d86a0f99f77e3dd055114c14340c20d3,8d00c4bef4f8543003df874d6fe9c1b4f73cc88376b9af2deedf7c5bd62c4d6d,1b2add8dbb00344afe1a7b9a2cac03680da71392b5265fe901edc853bdd88b18,0.186053726,0.194813752,0000
573,001a,0010,e3b0c44298fc1c149afbf4c8996fb92427ae41e4649b934ca495991b7852b855,e3b0c44298fc1c149afbf4c8996fb92427ae41e4649b934ca495991b7852b855,114a8a1f84d48443765dc88cd0cf4215f167026776c3c8608a3b29b5ee5c1788,943360a9a5818959e33aa851d0ac4831c347ca8ca4b98b4e7e95a6abb99fcb34,e010ed09d4baf4ac5efe240fbdd22264e7caf3784e7fd56d689fc430610e13cc,0d3eb13046a372114ff88ccf4c3705c1d86a0f99f77e3dd055114c14340c20d3,9d3d57762e563b8d146458acaacc0a3a1ce8bd3673a557bfc095f37ca94a545e,f43812f95aaae9b827d6bf14089b623bff22dd14402e1d4ec5bc1fdad98c25dd,0.184048073,0.195049311,0000
574,001a,0010,e3b0c44298fc1c149afbf4c8996fb92427ae41e4649b934ca495991b7852b855,e3b0c44298fc1c149afbf4c8996fb92427ae41e4649b934ca495991b7852b855,387500de3772fb9238f03fe0d7d8952d4012bee8a4ef944305e4e1f74ca28151,943360a9a5818959e33aa851d0ac4831c347ca8ca4b98b4e7e95a6abb99fcb34,e010ed09d4baf4ac5efe240fbdd22264e7caf3784e7fd56d689fc430610e13cc,0d3eb13046a372114ff88ccf4c3705c1d86a0f99f77e3dd055114c14340c20d3,ebcd9b39b558ed43f1b79c3ca804c0f28727d82ebcefb7c1e774065f372a6b58,e72dc80eb8d9f3c617f2ac78929f987d6db622c945a68303eb5a1db9344c32e9,0.182959568,0.194819284,0000
575,001a,0010,e3b0c44298fc1c149afbf4c8996fb92427ae41e4649b934ca495991b7852b855,e3b0c44298fc1c149afbf4c8996fb92427ae41e4649b934ca495991b7852b855,7fd6574a54e3987be9c7a4acd961a34b7ff1f86d4abb822265ea5e9a7c159042,943360a9a5818959e33aa851d0ac4831c347ca8ca4b98b4e7e95a6abb99fcb34,e010ed09d4baf4ac5efe240fbdd22264e7caf3784e7fd56d689fc430610e13cc,0d3eb13046a372114ff88ccf4c3705c1d86a0f99f77e3dd055114c14340c20d3,5b7466559207c7a9b4dd228e54845514a48516a993eaad84286b0472547ee67a,0339e723bec21982a68a47926043589c9c44c7ab069c004707fbc35a1f1d0046,0.185952886,0.194156208,0000
576,001a,0010,e3b0c44298fc1c149afbf4c8996fb92427ae41e4649b934ca495991b7852b855,e3b0c44298fc1c149afbf4c8996fb92427ae41e4649b934ca495991b7852b855,c6ca0aa6adb0d75874f929968d163bb5db8682875f07c1934afb079252f52a97,943360a9a5818959e33aa851d0ac4831c347ca8ca4b98b4e7e95a6abb99fcb34,e010ed09d4baf4ac5efe240fbdd22264e7caf3784e7fd56d689fc430610e13cc,0d3eb13046a372114ff88ccf4c3705c1d86a0f99f77e3dd055114c14340c20d3,8cbe658359943d05c33731d314a481233f120db2604ac326f9ad5bbdd9dcd1e0,df74bd4efe57fe0d544e52449f2f6c23dd1c51b5b74338d3318dbe3aaac760fd,0.183819744,0.196143065,0000
577,001a,0010,e3b0c44298fc1c149afbf4c8996fb92427ae41e4649b934ca495991b7852b855,e3b0c44298fc1c149afbf4c8996fb92427ae41e4649b934ca495991b7852b855,9d904841f273f5dd933bdc4d2f31866843bf02659be84485adc0cae0a58399a6,943360a9a5818959e33aa851d0ac4831c347ca8ca4b98b4e7e95a6abb99fcb34,e010ed09d4baf4ac5efe240fbdd22264e7caf3784e7fd56d689fc430610e13cc,0d3eb13046a372114ff88ccf4c3705c1d86a0f99f77e3dd055114c14340c20d3,cddbe94d9a88b8fd77445ee6fdd25f3c101634fa3bd5a2d5339248b6adedec52,1c0f768edf898a4c9e683a88320e924986a5e91c71496da49948b7d108b45c45,0.183835164,0.195179882,0000
578,001a,0010,e3b0c44298fc1c149afbf4c8996fb92427ae41e4649b934ca495991b7852b855,e3b0c44298fc1c149afbf4c8996fb92427ae41e4649b934ca495991b7852b855,8b8094041ee092dac618f7d7b6be8a189f0cdf24d7ad4fdca003bfddcfda8d3c,943360a9a5818959e33aa851d0ac4831c347ca8ca4b98b4e7e95a6abb99fcb34,e010ed09d4baf4ac5efe240fbdd22264e7caf3784e7fd56d689fc430610e13cc,0d3eb13046a372114ff88ccf4c3705c1d86a0f99f77e3dd055114c14340c20d3,0ce831b9d881177637b012dce2285efa50ea6cd722dd579b838b2a4c7df1ceee,e70330838c039672ac94eb73a34e05f40bf9320b92035a44cf98ad0d15dad088,0.184053174,0.196046779,0000
579,001a,0010,e3b0c44298fc1c149afbf4c8996fb92427ae41e4649b934ca495991b7852b855,e3b0c44298fc1c149afbf4c8996fb92427ae41e4649b934ca495991b7852b855,15d92700937b041e3f810a047efbd57ec732de7db256b9f016ac6ce7fd0e0ca6,943360a9a5818959e33aa851d0ac4831c347ca8ca4b98b4e7e95a6abb99fcb34,e010ed09d4baf4ac5efe240fbdd22264e7caf3784e7fd56d689fc430610e13cc,0d3eb13046a372114ff88ccf4c3705c1d86a0f99f77e3dd055114c14340c20d3,4bbc37a175558d88b26e7eb3c2956adaac5aa4071a10e842e411d4f44da5ecba,bacdeaef2c6f1dfdb4e9f96282de110164e3fe8e89224d16b01e545ec28aafea,0.183951025,0.194935274,0000
580,001a,0010,e3b0c44298fc1c149afbf4c8996fb92427ae41e4649b934ca495991b7852b855,e3b0c44298fc1c149afbf4c8996fb92427ae41e4649b934ca495991b7852b855,d3063809790ac40753c7a5ad987ae802aaacde0474587a292505abaae5e3abc1,943360a9a5818959e33aa851d0ac4831c347ca8ca4b98b4e7e95a6abb99fcb34,e010ed09d4baf4ac5efe240fbdd22264e7caf3784e7fd56d689fc430610e13cc,0d3eb13046a372114ff88ccf4c3705c1d86a0f99f77e3dd055114c14340c20d3,7008913a0ce16402ff8b6f51d0ab3e2688751ced9faf382167deaf59cd123282,03760d8e549f8dfd64dc953bdd56a6f8ce0b3447101b0f38af88708e78176017,0.183842016,0.195146452,0000
581,001a,0010,e3b0c44298fc1c149afbf4c8996fb92427ae41e4649b934ca495991b7852b855,e3b0c44298fc1c149afbf4c8996fb92427ae41e4649b934ca495991b7852b855,dc2b68f82931970a910c36d22e3ac158bb235b0317a51b643ea449dcd1b12637,943360a9a5818959e33aa851d0ac4831c347ca8ca4b98b4e7e95a6abb99fcb34,e010ed09d4baf4ac5efe240fbdd22264e7caf3784e7fd56d689fc430610e13cc,0d3eb13046a372114ff88ccf4c3705c1d86a0f99f77e3dd055114c14340c20d3,c56ef9d1474c99a425fc33dc7635bd7acf61b71dbba6868f6ed90c2a22118f16,c1a8626a776959b06f56a0595e2d51741829594a9ce83d19c407964de7d0675d,0.183838018,0.196152420,0000
582,001a,0010,e3b0c44298fc1c149afbf4c8996fb92427ae41e4649b934ca495991b7852b855,e3b0c44298fc1c149afbf4c8996fb92427ae41e4649b934ca495991b7852b855,9fa8122840b020708d3b8f7268b083ed001f325f1206f0e9d8c6b9f4ea5a25f2,943360a9a5818959e33aa851d0ac4831c347ca8ca4b98b4e7e95a6abb99fcb34,e010ed09d4baf4ac5efe240fbdd22264e7caf3784e7fd56d689fc430610e13cc,0d3eb13046a372114ff88ccf4c3705c1d86a0f99f77e3dd055114c14340c20d3,9f1e02dfa7dd0d256ccf2960a0c10cf6884599966993368da3560e870fedd918,72c7c553aae2d0d135eedd3d4aba3642306a67614bd00819a1c8fb20d1031c24,0.183948706,0.196046204,0000
583,001a,0010,e3b0c44298fc1c149afbf4c8996fb92427ae41e4649b934ca495991b7852b855,e3b0c44298fc1c149afbf4c8996fb92427ae41e4649b934ca495991b7852b855,adf6cb02c17dbe390f33f33467cd4fca39882ebf69867cd4fba82a0b04ceb4ee,943360a9a5818959e33aa851d0ac4831c347ca8ca4b98b4e7e95a6abb99fcb34,e010ed09d4baf4ac5efe240fbdd22264e7caf3784e7fd56d689fc430610e13cc,0d3eb13046a372114ff88ccf4c3705c1d86a0f99f77e3dd055114c14340c20d3,72fce65951ef999f63e2ae105b2fdba916c574f152aeeb70bba0875396f1a047,4d055f3b995e954233debd6e84c4b8a49105ad36e85ba156ff3a811bd452f00b,0.186040573,0.195052733,0000
584,001a,0010,e3b0c44298fc1c149afbf4c8996fb92427ae41e4649b934ca495991b7852b855,e3b0c44298fc1c149afbf4c8996fb92427ae41e4649b934ca495991b7852b855,b9e95f13a35e67c553b66847e0095c96ca4c59674c21c75ba8da6322c1ea4e87,943360a9a5818959e33aa851d0ac4831c347ca8ca4b98b4e7e95a6abb99fcb34,e010ed09d4baf4ac5efe240fbdd22264e7caf3784e7fd56d689fc430610e13cc,0d3eb13046a372114ff88ccf4c3705c1d86a0f99f77e3dd055114c14340c20d3,a5b5fbb0097b00dd471c864cbeaa58fe46bf8faa2cdd765b692280a3b84242f5,90e7e3e83c319dd1421e03537360ff6bf540f225c86d78574316fb5e70202391,0.183943935,0.194052378,0000
585,001a,0010,e3b0c44298fc1c149afbf4c8996fb92427ae41e4649b934ca495991b7852b855,e3b0c44298fc1c149afbf4c8996fb92427ae41e4649b934ca495991b7852b855,80b1a3335d847d7c42308f1ff3b981b3e3cfc82af0783949ab544042ea9b9061,943360a9a5818959e33aa851d0ac4831c347ca8ca4b98b4e7e95a6abb99fcb34,e010ed09d4baf4ac5efe240fbdd22264e7caf3784e7fd56d689fc430610e13cc,0d3eb13046a372114ff88ccf4c3705c1d86a0f99f77e3dd055114c14340c20d3,c454231aa038f46d77598d6752a7a8eaa5e8b26dd463e3236f0bfe593a9ad9f5,76c6c094cacdd9ce3cdfe91a4e5db0913531f27eaa33f72aca9e86dc5b2435c9,0.183721972,0.195046399,0000
586,001a,0010,e3b0c44298fc1c149afbf4c8996fb92427ae41e4649b934ca495991b7852b855,e3b0c44298fc1c149afbf4c8996fb92427ae41e4649b934ca495991b7852b855,e0457a2de274e973d739d8861f4e687f5249218cfaeaf5d15519224b150e55bc,943360a9a5818959e33aa851d0ac4831c347ca8ca4b98b4e7e95a6abb99fcb34,e010ed09d4baf4ac5efe240fbdd22264e7caf3784e7fd56d689fc430610e13cc,0d3eb13046a372114ff88ccf4c3705c1d86a0f99f77e3dd055114c14340c20d3,7c05ad7a536367755531de36402868a8627e061569801a799044eb68ef029f3a,933d7988d1a45f6ce3fdee150683a25c57b28e81a16b08cb97612c6e15a60e81,0.183946600,0.194166814,0000
587,001a,0010,e3b0c44298fc1c149afbf4c8996fb92427ae41e4649b934ca495991b7852b855,e3b0c44298fc1c149afbf4c8996fb92427ae41e4649b934ca495991b7852b855,3dd6a39df03ca9db6e2906062dda7967ee7271386c14a1784fce431ecff3bd85,943360a9a5818959e33aa851d0ac4831c347ca8ca4b98b4e7e95a6abb99fcb34,e010ed09d4baf4ac5efe240fbdd22264e7caf3784e7fd56d689fc430610e13cc,0d3eb13046a372114ff88ccf4c3705c1d86a0f99f77e3dd055114c14340c20d3,916cb255bed23c80d99865669e06fd3884250876f28dbb2a78df3463406b6e23,2665c42c33acd9b8dcfe39f91f6b54abd4c142de244bb96858d8703bfbe60c5f,0.184048205,0.195039949,0000
588,001a,0010,e3b0c44298fc1c149afbf4c8996fb92427ae41e4649b934ca495991b7852b855,e3b0c44298fc1c149afbf4c8996fb92427ae41e4649b934ca495991b7852b855,8973484e1644688d369194351763a95463ca378dd1c901b86bde3e7fca0841ef,943360a9a5818959e33aa851d0ac4831c347ca8ca4b98b4e7e95a6abb99fcb34,e010ed09d4baf4ac5efe240fbdd22264e7caf3784e7fd56d689fc430610e13cc,0d3eb13046a372114ff88ccf4c3705c1d86a0f99f77e3dd055114c14340c20d3,ceb9a663ef365ec5b3d6f5bf4e071816c220a5dd8c4b1b5c7d3caf0edef487d1,7918563f3e6dd49942a78a30e428e4ba114de05f96a0113fb2de1c4ccefd3158,0.183942359,0.194953867,0000
589,001a,0010,e3b0c44298fc1c149afbf4c8996fb92427ae41e4649b934ca495991b7852b855,e3b0c44298fc1c149afbf4c8996fb92427ae41e4649b934ca495991b7852b855,f4285894ebaf3fa5512d2008a6ec7dd9a5736e11eaad7abea7131cdbda3c6053,943360a9a5818959e33aa851d0ac4831c347ca8ca4b98b4e7e95a6abb99fcb34,e010ed09d4baf4ac5efe240fbdd22264e7caf3784e7fd56d689fc430610e13cc,0d3eb13046a372114ff88ccf4c3705c1d86a0f99f77e3dd055114c14340c20d3,ba21f9e819aff3d094e9a15b08910bc55bc6c9aab0174597ed94f680a9e55765,fb862bc5e533301696d8da0f2cfac0c124c67396b3bedf523a055eaf441b682e,0.182943727,0.196046471,0000
590,001a,0010,e3b0c44298fc1c149afbf4c8996fb92427ae41e4649b934ca495991b7852b855,e3b0c44298fc1c149afbf4c8996fb92427ae41e4649b934ca495991b7852b855,417db3a53f399320484499044bc1deaa614de6d5beac53e44a0202aec5be541b,943360a9a5818959e33aa851d0ac4831c347ca8ca4b98b4e7e95a6abb99fcb34,e010ed09d4baf4ac5efe240fbdd22264e7caf3784e7fd56d689fc430610e13cc,0d3eb13046a372114ff88ccf4c3705c1d86a0f99f77e3dd055114c14340c20d3,6a15a994d984b91ff01e98bad4bf50f43b20c6560b855bc435595229f5fecc91,a235294458897498b3d87b2e81f4c1fc26a64331e93f228fbe3b4f49fcd3044b,0.185949177,0.195046166,0000
591,001a,0010,e3b0c44298fc1c149afbf4c8996fb92427ae41e4649b934ca495991b7852b855,e3b0c44298fc1c149afbf4c8996fb92427ae41e4649b934ca495991b7852b855,93cdda49849cef00e94f58b87890482b993320182b8a8e9973dbb70982f54e88,943360a9a5818959e33aa851d0ac4831c347ca8ca4b98b4e7e95a6abb99fcb34,e010ed09d4baf4ac5efe240fbdd22264e7caf3784e7fd56d689fc430610e13cc,0d3eb13046a372114ff88ccf4c3705c1d86a0f99f77e3dd055114c14340c20d3,8d025612947aab772cef846fb1ebc2c7ea1141fc5cf01c61b0e85bff6702cf00,1d79226e6e5decdfa4baf6bffde043134013162d31db5966b197a47e2bcc6206,0.183838778,0.196149715,0000
592,001a,0010,e3b0c44298fc1c149afbf4c8996fb92427ae41e4649b934ca495991b7852b855,e3b0c44298fc1c149afbf4c8996fb92427ae41e4649b934ca495991b7852b855,938e6c251d1b65e205f116cf14ceae538eb257d3b4986755d378e0d1fc65aa5e,943360a9a5818959e33aa851d0ac4831c347ca8ca4b98b4e7e95a6abb99fcb34,e010ed09d4baf4ac5efe240fbdd22264e7caf3784e7fd56d689fc430610e13cc,0d3eb13046a372114ff88ccf4c3705c1d86a0f99f77e3dd055114c14340c20d3,302cb403541a160e21cf66d52d0c9b4305ed396e2bc18640fb002403313fc651,ea9cba98f3ae243cf00c430dd8e27c3e21d781c6018685759b0e43a8047444ca,0.184053404,0.195048079,0000
593,001a,0010,e3b0c44298fc1c149afbf4c8996fb92427ae41e4649b934ca495991b7852b855,e3b0c44298fc1c149afbf4c8996fb92427ae41e4649b934ca495991b7852b855,80efaaf5e8c6888fe40e798ae14146cf2e6df20690b964d24d2b41431ed11fd2,943360a9a5818959e33aa851d0ac4831c347ca8ca4b98b4e7e95a6abb99fcb34,e010ed09d4baf4ac5efe240fbdd22264e7caf3784e7fd56d689fc430610e13cc,0d3eb13046a372114ff88ccf4c3705c1d86a0f99f77e3dd055114c14340c20d3,5e21da7277cadf837afbe4680cf607f1b65661801b1e03781b8deab07d64ef8a,a6c0c53e4288bc2491a62a9ccd03a99cbf91b10f49770375d10de547d4f6ff2b,0.185818733,0.195063503,0000
594,001a,0010,e3b0c44298fc1c149afbf4c8996fb92427ae41e4649b934ca495991b7852b855,e3b0c44298fc1c149afbf4c8996fb92427ae41e4649b934ca495991b7852b855,b5e2b5475994f4373ea3ff4cee457708c48f5f0e4f3e2a1c1585141dbffaf772,943360a9a5818959e33aa851d0ac4831c347ca8ca4b98b4e7e95a6abb99fcb34,e010ed09d4baf4ac5efe240fbdd22264e7caf3784e7fd56d689fc430610e13cc,0d3eb13046a372114ff88ccf4c3705c1d86a0f99f77e3dd055114c14340c20d3,58547ab43999a79ccab0093964b535f1beb342f319c48940cb79154d9f679140,6f7d5e8d6d146f93af809c8954593faf58da654f1b68add6e3389eade0192e40,0.183837729,0.195156975,0000
595,001a,0010,e3b0c44298fc1c149afbf4c8996fb92427ae41e4649b934ca495991b7852b855,e3b0c44298fc1c149afbf4c8996fb92427ae41e4649b934ca495991b7852b855,9d9a9ed9f9d9220215d82bfb9654bb6a59e4fb584a63c4ad700f7b1476d01239,943360a9a5818959e33aa851d0ac4831c347ca8ca4b98b4e7e95a6abb99fcb34,e010ed09d4baf4ac5efe240fbdd22264e7caf3784e7fd56d689fc430610e13cc,0d3eb13046a372114ff88ccf4c3705c1d86a0f99f77e3dd055114c14340c20d3,9fa0bc7b8480121ede383cd01808d3ec4fdff306da21ae61e9b8d5a3906162b8,2c7d4b731a2c3df455f199b3172c4f7e30997663a5525a245939947dc11dc6e2,0.184058677,0.196047010,0000
596,001a,0010,e3b0c44298fc1c149afbf4c8996fb92427ae41e4649b934ca495991b7852b855,e3b0c44298fc1c149afbf4c8996fb92427ae41e4649b934ca495991b7852b855,09cfdb79585d9f146ff76aa7492265ee0de07d8eb3643f09339a1c196bff8d1c,943360a9a5818959e33aa851d0ac4831c347ca8ca4b98b4e7e95a6abb99fcb34,e010ed09d4baf4ac5efe240fbdd22264e7caf3784e7fd56d689fc430610e13cc,0d3eb13046a372114ff88ccf4c3705c1d86a0f99f77e3dd055114c14340c20d3,5d68e3e975ac48547e89879367ae0f018e0a4b66a03cd38ae1baff3312b844b9,38af50427dbe77441a0b21224e3f9d1a1f4ab3c95ca738621aa54e6617dea3a3,0.184052082,0.194926342,0000
597,001a,0010,e3b0c44298fc1c149afbf4c8996fb92427ae41e4649b934ca495991b7852b855,e3b0c44298fc1c149afbf4c8996fb92427ae41e4649b934ca495991b7852b855,55019053b3913e372226c486a566fdf36d585c4bc30d6016f3a55e66b4ddc025,943360a9a5818959e33aa851d0ac4831c347ca8ca4b98b4e7e95a6abb99fcb34,e010ed09d4baf4ac5efe240fbdd22264e7caf3784e7fd56d689fc430610e13cc,0d3eb13046a372114ff88ccf4c3705c1d86a0f99f77e3dd055114c14340c20d3,9bba26e558dba01fc9de615450a27f6e7cd353ff6954a7a99e4beedd09e50dc4,515fa91ec197e7fdb92cf46986f20342910094d202502b6f54ceef654767e46d,0.182947482,0.194938685,0000
598,001a,0010,e3b0c44298fc1c149afbf4c8996fb92427ae41e4649b934ca495991b7852b855,e3b0c44298fc1c149afbf4c8996fb92427ae41e4649b934ca495991b7852b855,014378d14c370880c2ce7597eaaaeba2f756f0badd987dbffdb03d6d029e1f82,943360a9a5818959e33aa851d0ac4831c347ca8ca4b98b4e7e95a6abb99fcb34,e010ed09d4baf4ac5efe240fbdd22264e7caf3784e7fd56d689fc430610e13cc,0d3eb13046a372114ff88ccf4c3705c1d86a0f99f77e3dd055114c14340c20d3,c0eb1f278c05779f6ce76982a6c98120c6cd53fc0b36c51cb86e4a1fb7088754,e4c4045dc1415008f195d0b553b0e9713989938b1941126ed11fe951306309ab,0.186052973,0.195946894,0000
599,001a,0010,e3b0c44298fc1c149afbf4c8996fb92427ae41e4649b934ca495991b7852b855,e3b0c44298fc1c149afbf4c8996fb92427ae41e4649b934ca495991b7852b855,e81551978f65b270c8604870b645a2e632d2926621255862313a46b4839b3a68,943360a9a5818959e33aa851d0ac4831c347ca8ca4b98b4e7e95a6abb99fcb34,e010ed09d4baf4ac5efe240fbdd22264e7caf3784e7fd56d689fc430610e13cc,0d3eb13046a372114ff88ccf4c3705c1d86a0f99f77e3dd055114c14340c20d3,42a6613b417899d0f7d657bb685313c2156ccc4ee3421d7e265731ee700f8d7f,3ad48a10daebee2f2da039620a3242ae5953dba096ea870b709c98e03945c944,0.184046836,0.195040856,0000
600,001a,0010,e3b0c44298fc1c149afbf4c8996fb92427ae41e4649b934ca495991b7852b855,e3b0c44298fc1c149afbf4c8996fb92427ae41e4649b934ca495991b7852b855,d0b19ae321bf1f1d1a2fa36abb26b0b364b9e09a0b39ef278bf73ee51e525249,943360a9a5818959e33aa851d0ac4831c347ca8ca4b98b4e7e95a6abb99fcb34,e010ed09d4baf4ac5efe240fbdd22264e7caf3784e7fd56d689fc430610e13cc,0d3eb13046a372114ff88ccf4c3705c1d86a0f99f77e3dd055114c14340c20d3,a11c8063bed040ed3a3e73fcb3de72c26dc71dffb7be15efc2d7280da285d8b1,f16b1ca0c4627dac113792218d34f62ebaf69a31c913c014bf8f2df5e1c3628a,0.183822751,0.194949568,0000
601,001a,0010,e3b0c44298fc1c149afbf4c8996fb92427ae41e4649b934ca495991b7852b855,e3b0c44298fc1c149afbf4c8996fb92427ae41e4649b934ca495991b7852b855,d240c017fba89fe4b0f2f6f745eb692ac1ae0c76ca440366354ae203dd469d53,943360a9a5818959e33aa851d0ac4831c347ca8ca4b98b4e7e95a6abb99fcb34,e010ed09d4baf4ac5efe240fbdd22264e7caf3784e7fd56d689fc430610e13cc,0d3eb13046a372114ff88ccf4c3705c1d86a0f99f77e3dd055114c14340c20d3,476ec32907f73998b47b3844cf2e758b0ca8c54a49ea64d73302ac6cba8934d8,702b9ac3ac6385fd615f47f6c7bf3ccfdeacf12ce03437d78076676ceabac71e,0.183947315,0.196267467,0000
602,001a,0010,e3b0c44298fc1c149afbf4c8996fb92427ae41e4649b934ca495991b7852b855,e3b0c44298fc1c149afbf4c8996fb92427ae41e4649b934ca495991b7852b855,a16962f045c9f93988671d35fccec1edc0ddf27f477b528696f9576cbdfa4c65,943360a9a5818959e33aa851d0ac4831c347ca8ca4b98b4e7e95a6abb99fcb34,e010ed09d4baf4ac5efe240fbdd22264e7caf3784e7fd56d689fc430610e13cc,0d3eb13046a372114ff88ccf4c3705c1d86a0f99f77e3dd055114c14340c20d3,6b45ba5d904f4591f179d92e635684576ddf980bc25d8e11734b21adef4409c0,40258ec72b6d063a2eb4ea334f32df87a943cbb61d92cc796d6f9217ec31fa65,0.186056048,0.193937596,0000
603,001a,0010,e3b0c44298fc1c149afbf4c8996fb92427ae41e4649b934ca495991b7852b855,e3b0c44298fc1c149afbf4c8996fb92427ae41e4649b934ca495991b7852b855,784892afdaf0ee9a2ec9f649c731368be6a0b51984c89649986609d1d6f35fb4,943360a9a5818959e33aa851d0ac4831c347ca8ca4b98b4e7e95a6abb99fcb34,e010ed09d4baf4ac5efe240fbdd22264e7caf3784e7fd56d689fc430610e13cc,0d3eb13046a372114ff88ccf4c3705c1d86a0f99f77e3dd055114c14340c20d3,8f86e3d4ba935f302087321a4aebaf7af1a4868c6814a90aa5e010ef3bd90caa,19f3261a2d2ffe4183b9fcb314aa7894da59f48f5e3b7b7ec733f05b380ab839,0.183946027,0.194941531,0000
604,001a,0010,e3b0c44298fc1c149afbf4c8996fb92427ae41e4649b934ca495991b7852b855,e3b0c44298fc1c149afbf4c8996fb92427ae41e4649b934ca495991b7852b855,977bff05a29a873419185a958abf3e9b115deefde8c00ddb90a026c58b41c757,943360a9a5818959e33aa851d0ac4831c347ca8ca4b98b4e7e95a6abb99fcb34,e010ed09d4baf4ac5efe240fbdd22264e7caf3784e7fd56d689fc430610e13cc,0d3eb13046a372114ff88ccf4c3705c1d86a0f99f77e3dd055114c14340c20d3,8bf2cbffa5087a2efd0cb96a38fcebb0192c4f3664f22cac5e0cf73cf5f14156,ad59c6e370d7440941643cc3851de137b98ad7c98d1b414eeb6e50ce41047559,0.183983842,0.196042466,0000
605,001a,0010,e3b0c44298fc1c149afbf4c8996fb92427ae41e4649b934ca495991b7852b855,e3b0c44298fc1c149afbf4c8996fb92427ae41e4649b934ca495991b7852b855,6a73d009f78e9e7ea0572c11b35ea51c6dc1191ab3e2c2144b6d5b64b2d2eaf9,943360a9a5818959e33aa851d0ac4831c347ca8ca4b98b4e7e95a6abb99fcb34,e010ed09d4baf4ac5efe240fbdd22264e7caf3784e7fd56d689fc430610e13cc,0d3eb13046a372114ff88ccf4c3705c1d86a0f99f77e3dd055114c14340c20d3,5b9bedd7f14717e2d9ae95289917c2cce1c85cde28bc7af9ae796510443d49e4,68b1911975fda6f074a5e5ab6ad50aecd6c9616c6904af987f061eaed2e0c007,0.186049971,0.195012437,0000
606,001a,0010,e3b0c44298fc1c149afbf4c8996fb92427ae41e4649b934ca495991b7852b855,e3b0c44298fc1c149afbf4c8996fb92427ae41e4649b934ca495991b7852b855,a1c872faf6be73933243d7e5f05e738bb303c544ce3c96d945fb830bdebdbcb9,943360a9a5818959e33aa851d0ac4831c347ca8ca4b98b4e7e95a6abb99fcb34,e010ed09d4baf4ac5efe240fbdd22264e7caf3784e7fd56d689fc430610e13cc,0d3eb13046a372114ff88ccf4c3705c1d86a0f99f77e3dd055114c14340c20d3,dbe8af9753239fc4ec6a072fbac896bafeb82a0cce60f4443d3be15013348d1e,7a717427da465a97bdbcf4187b54a201af57faa88520fbfe19c59c0684d4f892,0.184001872,0.194941963,0000
607,001a,0010,e3b0c44298fc1c149afbf4c8996fb92427ae41e4649b934ca495991b7852b855,e3b0c44298fc1c149afbf4c8996fb92427ae41e4649b934ca495991b7852b855,ef282bb3e260708acee3f005b4e61116a1ef53da67ab41213c44453e23f1a8ce,943360a9a5818959e33aa851d0ac4831c347ca8ca4b98b4e7e95a6abb99fcb34,e010ed09d4baf4ac5efe240fbdd22264e7caf3784e7fd56d689fc430610e13cc,0d3eb13046a372114ff88ccf4c3705c1d86a0f99f77e3dd055114c14340c20d3,a2f203b6a310e1c08b0b17ab6d674ade611646b708d0e0dee6073d0da107fbf8,af78147fbe5acbd60ca4ece50087bbd69c2f8c2081cfc77991af323b96eb7fcb,0.183931173,0.196014080,0000
608,001a,0010,e3b0c44298fc1c149afbf4c8996fb92427ae41e4649b934ca495991b7852b855,e3b0c44298fc1c149afbf4c8996fb92427ae41e4649b934ca495991b7852b855,4bb012ffa79e8da0bd7aeebcabffbec58bba317d0a2ef89f684b932b7de176cc,943360a9a5818959e33aa851d0ac4831c347ca8ca4b98b4e7e95a6abb99fcb34,e010ed09d4baf4ac5efe240fbdd22264e7caf3784e7fd56d689fc430610e13cc,0d3eb13046a372114ff88ccf4c3705c1d86a0f99f77e3dd055114c14340c20d3,14af597dfde3a5230eb85a1c5b22f1d550991e3863f4e3e32c99e0869b6e5fe5,897402e43d242ed8e40d97996860f0e1a57059f29bcffb05a1dc434a2b9af430,0.182897038,0.195185513,0000
609,001a,0010,e3b0c44298fc1c149afbf4c8996fb92427ae41e4649b934ca495991b7852b855,e3b0c44298fc1c149afbf4c8996fb92427ae41e4649b934ca495991b7852b855,ca9dfbc3938d88b8add0dd27c6d4a82846dd81d3009e28850f6deed076ddad0c,943360a9a5818959e33aa851d0ac4831c347ca8ca4b98b4e7e95a6abb99fcb34,e010ed09d4baf4ac5efe240fbdd22264e7caf3784e7fd56d689fc430610e13cc,0d3eb13046a372114ff88ccf4c3705c1d86a0f99f77e3dd055114c14340c20d3,305f52ae56176336483c4676f472d4e0b3108b88e9fcc0f97efb729c56526330,eed106c61c7048938cf05f35fbe75bbf6b7b038a9196bfb266459ac8801960b8,0.184081052,0.194945310,0000
610,001a,0010,e3b0c44298fc1c149afbf4c8996fb92427ae41e4649b934ca495991b7852b855,e3b0c44298fc1c149afbf4c8996fb92427ae41e4649b934ca495991b7852b855,3d8704b231bedfb4a39c37f3f4cb60dcffd047e30e9e3a3fe780a41cb8dc046b,943360a9a5818959e33aa851d0ac4831c347ca8ca4b98b4e7e95a6abb99fcb34,e010ed09d4baf4ac5efe240fbdd22264e7caf3784e7fd56d689fc430610e13cc,0d3eb13046a372114ff88ccf4c3705c1d86a0f99f77e3dd055114c14340c20d3,9726799ada30eaf707e810a971b982893cc444f8575de8942a2049e5b541096e,d7d269231bbb513e746537ad927b8f4c2abd99d8efb85af7b59d79a8b753b522,0.183839473,0.195018795,0000
611,001a,0010,e3b0c44298fc1c149afbf4c8996fb92427ae41e4649b934ca495991b7852b855,e3b0c44298fc1c149afbf4c8996fb92427ae41e4649b934ca495991b7852b855,156840297918430b1bdee0c631c36685ad2ff1a19d263d2dcb2d1e6eccac0047,943360a9a5818959e33aa851d0ac4831c347ca8ca4b98b4e7e95a6abb99fcb34,e010ed09d4baf4ac5efe240fbdd22264e7caf3784e7fd56d689fc430610e13cc,0d3eb13046a372114ff88ccf4c3705c1d86a0f99f77e3dd055114c14340c20d3,d09aaa79d29160e702d4a115a17deda3cd50bef178afd5d1c1a63bf083c27f7a,c4537330390c961fdd7b62dcfc7d352fa3d8976b31ef2310732fdae058910aba,0.183841274,0.196150864,0000
612,001a,0010,e3b0c44298fc1c149afbf4c8996fb92427ae41e4649b934ca495991b7852b855,e3b0c44298fc1c149afbf4c8996fb92427ae41e4649b934ca495991b7852b855,ba4810708744105e58e3e2824766d2d95916c442b54fd706953985d348b1047a,943360a9a5818959e33aa851d0ac4831c347ca8ca4b98b4e7e95a6abb99fcb34,e010ed09d4baf4ac5efe240fbdd22264e7caf3784e7fd56d689fc430610e13cc,0d3eb13046a372114ff88ccf4c3705c1d86a0f99f77e3dd055114c14340c20d3,f9cee957efd52d86312e09ceb9e1c699223483531ab99c59da91bb411fb93122,e704c1655e673b502a9a04ba74c8fd91e4f6c2b659de5d03f1eb15f72590643e,0.183946035,0.194148042,0000
613,001a,0010,e3b0c44298fc1c149afbf4c8996fb92427ae41e4649b934ca495991b7852b855,e3b0c44298fc1c149afbf4c8996fb92427ae41e4649b934ca495991b7852b855,74ecc23011f29957ad1d209f2411b3ac3e09d1f3cab36e7139d698aa16f17799,943360a9a5818959e33aa851d0ac4831c347ca8ca4b98b4e7e95a6abb99fcb34,e010ed09d4baf4ac5efe240fbdd22264e7caf3784e7fd56d689fc430610e13cc,0d3eb13046a372114ff88ccf4c3705c1d86a0f99f77e3dd055114c14340c20d3,b61f3e484b27e44990846b7c9da277450cf97df77bb0bc9faca92905a3a9d56c,8f92b036bdea9035616edd45d721a90f90c9e6e38fdd2564563ac50e12494501,0.187053144,0.194942795,0000
614,001a,0010,e3b0c44298fc1c149afbf4c8996fb92427ae41e4649b934ca495991b7852b855,e3b0c44298fc1c149afbf4c8996fb92427ae41e4649b934ca495991b7852b855,dd60f8e518a753421b9b5db250a6b605f96d5fd08394a920d8bf891a4de84592,943360a9a5818959e33aa851d0ac4831c347ca8ca4b98b4e7e95a6abb99fcb34,e010ed09d4baf4ac5efe240fbdd22264e7caf3784e7fd56d689fc430610e13cc,0d3eb13046a372114ff88ccf4c3705c1d86a0f99f77e3dd055114c14340c20d3,ce4848b9dfa0563e2e096596c7951bc80fa7019c8b8b3c3f9e0da973ef112853,f387e637b876fed59620c3ddac4d61858de1223c042a0ad98eef57902e5338f6,0.184052432,0.194832133,0000
615,001a,0010,e3b0c44298fc1c149afbf4c8996fb92427ae41e4649b934ca495991b7852b855,e3b0c44298fc1c149afbf4c8996fb92427ae41e4649b934ca495991b7852b855,7726e5397900c38b2e241002b8acace9b4197c9e3d37d4ae088fa134597846cd,943360a9a5818959e33aa851d0ac4831c347ca8ca4b98b4e7e95a6abb99fcb34,e010ed09d4baf4ac5efe240fbdd22264e7caf3784e7fd56d689fc430610e13cc,0d3eb13046a372114ff88ccf4c3705c1d86a0f99f77e3dd055114c14340c20d3,dcaf7c0bcf7275a9eed2cec453c13176f9a76819de984b0674396a291892b4e4,4117b681bd42266b5085808763ab25ae16b25d84d8565d2dd567e25516716f91,0.183970276,0.196046108,0000
616,001a,0010,e3b0c44298fc1c149afbf4c8996fb92427ae41e4649b934ca495991b7852b855,e3b0c44298fc1c149afbf4c8996fb92427ae41e4649b934ca495991b7852b855,e9bd7f94c747d5862b7b18615ba5538796580debd4d955b8dc7c2c4ae37cffd1,943360a9a5818959e33aa851d0ac4831c347ca8ca4b98b4e7e95a6abb99fcb34,e010ed09d4baf4ac5efe240fbdd22264e7caf3784e7fd56d689fc430610e13cc,0d3eb13046a372114ff88ccf4c3705c1d86a0f99f77e3dd055114c14340c20d3,892ce95adba5e69110bdd7e8d948d66523b5c35c26693db60ebfcca772832172,a89c2189b1bac8f763ebc9b3fc8750ae553a22a2d76c7d9e7f693af9b8cb0cde,0.183167734,0.194904872,0000
617,001a,0010,e3b0c44298fc1c149afbf4c8996fb92427ae41e4649b934ca495991b7852b855,e3b0c44298fc1c149afbf4c8996fb92427ae41e4649b934ca495991b7852b855,2b010a716388bc67470f6d0e945715d39c8a52e199718983a445c446afcd957b,943360a9a5818959e33aa851d0ac4831c347ca8ca4b98b4e7e95a6abb99fcb34,e010ed09d4baf4ac5efe240fbdd22264e7caf3784e7fd56d689fc430610e13cc,0d3eb13046a372114ff88ccf4c3705c1d86a0f99f77e3dd055114c14340c20d3,32a1d95a7a52ad1e4c8764e6568cc572ebaaac01b7b66f51d52de1cba84b90e1,5f34cabf465dd18fedb41403c0ec2356f53019d4e5ed8c35db10ab6b81e6c43e,0.183935585,0.195055339,0000
618,001a,0010,e3b0c44298fc1c149afbf4c8996fb92427ae41e4649b934ca495991b7852b855,e3b0c44298fc1c149afbf4c8996fb92427ae41e4649b934ca495991b7852b855,71b5f5e1615c9235a9d91e183b1d300176745adb1a6343fee23b8d1172fe1057,943360a9a5818959e33aa851d0ac4831c347ca8ca4b98b4e7e95a6abb99fcb34,e010ed09d4baf4ac5efe240fbdd22264e7caf3784e7fd56d689fc430610e13cc,0d3eb13046a372114ff88ccf4c3705c1d86a0f99f77e3dd055114c14340c20d3,6aea2db432b818e41c71252024c278d8de4b910e13b3356bc5a6baadaa1ff441,20ba90fe2a0e9889f5381dd8258267ae54faa70eafd4c1890e7db510995566fb,0.182806253,0.195085380,0000
619,001a,0010,e3b0c44298fc1c149afbf4c8996fb92427ae41e4649b934ca495991b7852b855,e3b0c44298fc1c149afbf4c8996fb92427ae41e4649b934ca495991b7852b855,490c7444f45e6c846e18f643695f25b83d4021de12009425189ac2e6f69f91c3,943360a9a5818959e33aa851d0ac4831c347ca8ca4b98b4e7e95a6abb99fcb34,e010ed09d4baf4ac5efe240fbdd22264e7caf3784e7fd56d689fc430610e13cc,0d3eb13046a372114ff88ccf4c3705c1d86a0f99f77e3dd055114c14340c20d3,7a53b72c5617e2152067e3dae7e8457d661dbcbfb894bd5259fb379a2f775a54,568c7b98b3f93fc7af2c59d2e67c343343e55d033ebd0c453a0e036fda2b57a0,0.183066172,0.195926385,0000
620,001a,0010,e3b0c44298fc1c149afbf4c8996fb92427ae41e4649b934ca495991b7852b855,e3b0c44298fc1c149afbf4c8996fb92427ae41e4649b934ca495991b7852b855,5e8f66d28ae7b5879e391581432d39b7201da22dbe213b1a3e265b1d67ac79f5,943360a9a5818959e33aa851d0ac4831c347ca8ca4b98b4e7e95a6abb99fcb34,e010ed09d4baf4ac5efe240fbdd22264e7caf3784e7fd56d689fc430610e13cc,0d3eb13046a372114ff88ccf4c3705c1d86a0f99f77e3dd055114c14340c20d3,adae6c8921b31cf3d447b1756e09bceab9267ea34a3198aaa6b8132557d25dd6,1aab8b3f7c9c6afe686817e8d06dd0b446418fcd201e69d385856fe1f5b6330c,0.184145958,0.196043634,0000
621,001a,0010,e3b0c44298fc1c149afbf4c8996fb92427ae41e4649b934ca495991b7852b855,e3b0c44298fc1c149afbf4c8996fb92427ae41e4649b934ca495991b7852b855,b2564a988596559c0e9096fb7c0d3d85e0c57ec7715fe25f29aafa5538818970,943360a9a5818959e33aa851d0ac4831c347ca8ca4b98b4e7e95a6abb99fcb34,e010ed09d4baf4ac5efe240fbdd22264e7caf3784e7fd56d689fc430610e13cc,0d3eb13046a372114ff88ccf4c3705c1d86a0f99f77e3dd055114c14340c20d3,745b3b9dcf624bcb134fd9584712578f6321225d0edd4502c62e9e1bcea4b82a,5122485ada44b941d64d4dadd2f8818b81e2a6435ed362178a3afbca05841efa,0.183846289,0.195951434,0000
622,001a,0010,e3b0c44298fc1c149afbf4c8996fb92427ae41e4649b934ca495991b7852b855,e3b0c44298fc1c149afbf4c8996fb92427ae41e4649b934ca495991b7852b855,7c10f404ee60b541958de2ffadff22e75d48a2c6ebee0588c5bc8b25f5ee92d8,943360a9a5818959e33aa851d0ac4831c347ca8ca4b98b4e7e95a6abb99fcb34,e010ed09d4baf4ac5efe240fbdd22264e7caf3784e7fd56d689fc430610e13cc,0d3eb13046a372114ff88ccf4c3705c1d86a0f99f77e3dd055114c14340c20d3,06884bdb05d78ba707c1e4900a3635abd26e2d0c8edb5bb31a5d6f964b502bab,aa802b2e6fe2143bdcd978cf25a47801cbd78078866d9e785df0b4b28d088e14,0.183913891,0.195078626,0000
623,001a,0010,e3b0c44298fc1c149afbf4c8996fb92427ae41e4649b934ca495991b7852b855,e3b0c44298fc1c149afbf4c8996fb92427ae41e4649b934ca495991b7852b855,bb7dbf5f49d8839f3ec43ba15ad44ed0d5aa80b8727056500ced4f0cb124f914,943360a9a5818959e33aa851d0ac4831c347ca8ca4b98b4e7e95a6abb99fcb34,e010ed09d4baf4ac5efe240fbdd22264e7caf3784e7fd56d689fc430610e13cc,0d3eb13046a372114ff88ccf4c3705c1d86a0f99f77e3dd055114c14340c20d3,c753cd924556955d0fffe007411204c4ff7ae71a3b682171fc45aa3c52d1abf9,92feb2962bd746bdb28a76b4c94c4d86e11e27cd43162bd40ae552a0b1fb8418,0.183840694,0.195148250,0000
624,001a,0010,e3b0c44298fc1c149afbf4c8996fb92427ae41e4649b934ca495991b7852b855,e3b0c44298fc1c149afbf4c8996fb92427ae41e4649b934ca495991b7852b855,15cd9443fb00e4f9b3ed2fa908f13f6e4cc6ba0600109d10614cbed4cc8be4b8,943360a9a5818959e33aa851d0ac4831c347ca8ca4b98b4e7e95a6abb99fcb34,e010ed09d4baf4ac5efe240fbdd22264e7caf3784e7fd56d689fc430610e13cc,0d3eb13046a372114ff88ccf4c3705c1d86a0f99f77e3dd055114c14340c20d3,92236fa26f41bd4977a16c109ce7d45bff74f75ee06b2082370032a337603f75,b5b7ec74260d2b081fdb35152be3a672f46a900910b1288eb7ed1aa1d6d2d565,0.183939333,0.196050784,0000
625,001a,0010,e3b0c44298fc1c149afbf4c8996fb92427ae41e4649b934ca495991b7852b855,e3b0c44298fc1c149afbf4c8996fb92427ae41e4649b934ca495991b7852b855,ae31bb8e0cff3d3f8d05e584035915d786481640f18c429170260e5953ec1777,943360a9a5818959e33aa851d0ac4831c347ca8ca4b98b4e7e95a6abb99fcb34,e010ed09d4baf4ac5efe240fbdd22264e7caf3784e7fd56d689fc430610e13cc,0d3eb13046a372114ff88ccf4c3705c1d86a0f99f77e3dd055114c14340c20d3,cfdaea3eab58c48b7b19bc5d7aec5a928f3298032f1dc06b04ec3045c9ac280c,d6a2f17210849881b79ad6bfff0e5fad4ac2e5b438585e5671b0eb53c8d3b776,0.183946387,0.195153148,0000
626,001a,0010,e3b0c44298fc1c149afbf4c8996fb92427ae41e4649b934ca495991b7852b855,e3b0c44298fc1c149afbf4c8996fb92427ae41e4649b934ca495991b7852b855,ceede58c979bf9f5320f3efbf54605d3f88ddca2f272a5d7d4413c74fdd3374b,943360a9a5818959e33aa851d0ac4831c347ca8ca4b98b4e7e95a6abb99fcb34,e010ed09d4baf4ac5efe240fbdd22264e7caf3784e7fd56d689fc430610e13cc,0d3eb13046a372114ff88ccf4c3705c1d86a0f99f77e3dd055114c14340c20d3,1552725439045e191ed31898da3470b5575dd7034c425c1ef566401475048ed0,b5851a7eff7eb83d90b9769427bea588ece325f63d037c4bb964e9789d7e3fae,0.183951756,0.195037418,0000
627,001a,0010,e3b0c44298fc1c149afbf4c8996fb92427ae41e4649b934ca495991b7852b855,e3b0c44298fc1c149afbf4c8996fb92427ae41e4649b934ca495991b7852b855,ee9261a8278fc9c5c5feb22a5c86cd2a78ed43e98397d802442d473b07bad1a2,943360a9a5818959e33aa851d0ac4831c347ca8ca4b98b4e7e95a6abb99fcb34,e010ed09d4baf4ac5efe240fbdd22264e7caf3784e7fd56d689fc430610e13cc,0d3eb13046a372114ff88ccf4c3705c1d86a0f99f77e3dd055114c14340c20d3,f369d34e056efbfd478799e885def52978d694db36b6f775c9b40e3d638c3914,677bf0544dcf2072b9211bcba6706f8e2e53736c13fd0474d107896cab9dbb7b,0.183836160,0.195054062,0000
628,001a,0010,e3b0c44298fc1c149afbf4c8996fb92427ae41e4649b934ca495991b7852b855,e3b0c44298fc1c149afbf4c8996fb92427ae41e4649b934ca495991b7852b855,9c9af320214f55f332191dd78c3c5f549599bafd96f077a8a01e6b3d0935290b,943360a9a5818959e33aa851d0ac4831c347ca8ca4b98b4e7e95a6abb99fcb34,e010ed09d4baf4ac5efe240fbdd22264e7caf3784e7fd56d689fc430610e13cc,0d3eb13046a372114ff88ccf4c3705c1d86a0f99f77e3dd055114c14340c20d3,32a62910ea46d95ec89cc07a5fb55242206953e562a95fb1212abfb490d0632d,d5e8b01028b568f35f561594a4f33ccf0d8d9a9d82c4fea34a8972d272fc4491,0.184045115,0.195051035,0000
629,001a,0010,e3b0c44298fc1c149afbf4c8996fb92427ae41e4649b934ca495991b7852b855,e3b0c44298fc1c149afbf4c8996fb92427ae41e4649b934ca495991b7852b855,ac3ac8e08cb4cb2684812f0d4ae08aeccd1cf06766c1c53d7c3dcc7c941c0e8b,943360a9a5818959e33aa851d0ac4831c347ca8ca4b98b4e7e95a6abb99fcb34,e010ed09d4baf4ac5efe240fbdd22264e7caf3784e7fd56d689fc430610e13cc,0d3eb13046a372114ff88ccf4c3705c1d86a0f99f77e3dd055114c14340c20d3,77d4e35d05f4198baf215252da766231ee92c13b7fddeab9cd261dcca6018299,aceb8fe6915def0f41fc90d1fc3aa16ab7153a40f0f50d89a40c138b8cbcde7c,0.186827859,0.194942987,0000
630,001a,0010,e3b0c44298fc1c149afbf4c8996fb92427ae41e4649b934ca495991b7852b855,e3b0c44298fc1c149afbf4c8996fb92427ae41e4649b934ca495991b7852b855,ac01019a0e64c30327c6883a0cfe871145268f8c39d441b7f52981342edea1e1,943360a9a5818959e33aa851d0ac4831c347ca8ca4b98b4e7e95a6abb99fcb34,e010ed09d4baf4ac5efe240fbdd22264e7caf3784e7fd56d689fc430610e13cc,0d3eb13046a372114ff88ccf4c3705c1d86a0f99f77e3dd055114c14340c20d3,8a9df31265b779f3831e7670d00c777b045a56b1d360bbf3eb8f9df31322de45,32364ea0b603a3f9eb44405100cd2d42802688ed03ecbc4fa0d9d4b96c4c4ff6,0.183722138,0.196266718,0000
631,001a,0010,e3b0c44298fc1c149afbf4c8996fb92427ae41e4649b934ca495991b7852b855,e3b0c44298fc1c149afbf4c8996fb92427ae41e4649b934ca495991b7852b855,73cbd191762132dabac72d2d6a71ce6d33adeee6089b929d75750ad001bfb02f,943360a9a5818959e33aa851d0ac4831c347ca8ca4b98b4e7e95a6abb99fcb34,e010ed09d4baf4ac5efe240fbdd22264e7caf3784e7fd56d689fc430610e13cc,0d3eb13046a372114ff88ccf4c3705c1d86a0f99f77e3dd055114c14340c20d3,c13f75934520c0471319fb3cbdddbadf7e183853a09a6207f811d69aa72bbbc3,9729847322a19bba28f8a056f6ed4fec1226c3f8ca12650488ea544208069208,0.182836980,0.196270713,0000
632,001a,0010,e3b0c44298fc1c149afbf4c8996fb92427ae41e4649b934ca495991b7852b855,e3b0c44298fc1c149afbf4c8996fb92427ae41e4649b934ca495991b7852b855,b2d29b79d9b61aca3717e88aa0eab9e5d6f0efe9576d78e6c90e860c534a4318,943360a9a5818959e33aa851d0ac4831c347ca8ca4b98b4e7e95a6abb99fcb34,e010ed09d4baf4ac5efe240fbdd22264e7caf3784e7fd56d689fc430610e13cc,0d3eb13046a372114ff88ccf4c3705c1d86a0f99f77e3dd055114c14340c20d3,d5e9c31522e0965208401cf0a00a3bcc6c16fb9e95be8030a7fcf485b6c7e607,4797b94d47492a189332acc64594aeb8a1218c5c40ff8b8a35cdca57737ca5cc,0.183942210,0.196050872,0000
633,001a,0010,e3b0c44298fc1c149afbf4c8996fb92427ae41e4649b934ca495991b7852b855,e3b0c44298fc1c149afbf4c8996fb92427ae41e4649b934ca495991b7852b855,e52af0c1a58e0d0bd0607e43d0dc6c852a19a2b35c650f322e44170a6a5c8160,943360a9a5818959e33aa851d0ac4831c347ca8ca4b98b4e7e95a6abb99fcb34,e010ed09d4baf4ac5efe240fbdd22264e7caf3784e7fd56d689fc430610e13cc,0d3eb13046a372114ff88ccf4c3705c1d86a0f99f77e3dd055114c14340c20d3,bd8cb8c22fd0f426a557263088f7003a80cf0f19503d0ab3be4684fb0a440276,66d1cf15cfd454ae653a70ee65a401cba134f849f9f1bf35a563807b992dbc0e,0.183947937,0.196150437,0000
634,001a,0010,e3b0c44298fc1c149afbf4c8996fb92427ae41e4649b934ca495991b7852b855,e3b0c44298fc1c149afbf4c8996fb92427ae41e4649b934ca495991b7852b855,5edd8e139f66f7a4580737ec1397066be952a4abe55a03182451f66a05c65480,943360a9a5818959e33aa851d0ac4831c347ca8ca4b98b4e7e95a6abb99fcb34,e010ed09d4baf4ac5efe240fbdd22264e7caf3784e7fd56d689fc430610e13cc,0d3eb13046a372114ff88ccf4c3705c1d86a0f99f77e3dd055114c14340c20d3,582b8c9ffc583b7fd609277a0adcad59736e60564a1fb5abd0410bf8003ef05f,918c1db387ec9518250d82e030042e3970737f45c9ef2f97c030b471773e7dc0,0.183946372,0.195046260,0000
635,001a,0010,e3b0c44298fc1c149afbf4c8996fb92427ae41e4649b934ca495991b7852b855,e3b0c44298fc1c149afbf4c8996fb92427ae41e4649b934ca495991b7852b855,ab0c80a515e82c73a06ecc542174a0319ad03f426aa52230cfad7de3783e6210,943360a9a5818959e33aa851d0ac4831c347ca8ca4b98b4e7e95a6abb99fcb34,e010ed09d4baf4ac5efe240fbdd22264e7caf3784e7fd56d689fc430610e13cc,0d3eb13046a372114ff88ccf4c3705c1d86a0f99f77e3dd055114c14340c20d3,9ff941bdff31a47f2b0b8f648b6a034a7e424916c384b86477da25186fd1dcec,791eef171c904a979f71e49a4d4a20757da743375bcfe37d8ab9c3505caf4c46,0.183921684,0.194964751,0000
636,001a,0010,e3b0c44298fc1c149afbf4c8996fb92427ae41e4649b934ca495991b7852b855,e3b0c44298fc1c149afbf4c8996fb92427ae41e4649b934ca495991b7852b855,9413daf51c2dfbd5e42bac033749ec7fbc450c9ee6b0c8da9633464f9dd4a06e,943360a9a5818959e33aa851d0ac4831c347ca8ca4b98b4e7e95a6abb99fcb34,e010ed09d4baf4ac5efe240fbdd22264e7caf3784e7fd56d689fc430610e13cc,0d3eb13046a372114ff88ccf4c3705c1d86a0f99f77e3dd055114c14340c20d3,775435aba2c8eb87bd765ac5fe4c2a72784786d6b7d8fb325d63506ba52c4062,4820ab42681cad98e59a4daf610c449e64c76894e9cb3d0c2dd892eb8abff4fa,0.183943349,0.195051128,0000
637,001a,0010,e3b0c44298fc1c149afbf4c8996fb92427ae41e4649b934ca495991b7852b855,e3b0c44298fc1c149afbf4c8996fb92427ae41e4649b934ca495991b7852b855,bf4be05468c9dcffe15b3028b048b14b44df1732b184bfaf57d9528192526891,943360a9a5818959e33aa851d0ac4831c347ca8ca4b98b4e7e95a6abb99fcb34,e010ed09d4baf4ac5efe240fbdd22264e7caf3784e7fd56d689fc430610e13cc,0d3eb13046a372114ff88ccf4c3705c1d86a0f99f77e3dd055114c14340c20d3,a5d0ea266ed2fc7521bc122ebd24df0c2426aacf4394d96465db2bf52a13c1ef,d70fd43c048d427dd2d2fe4d2ba299d8b93e1e8bb0e12d132ecfc7df05781caf,0.183842252,0.196149592,0000
638,001a,0010,e3b0c44298fc1c149afbf4c8996fb92427ae41e4649b934ca495991b7852b855,e3b0c44298fc1c149afbf4c8996fb92427ae41e4649b934ca495991b7852b855,14b4af7483cf4864d89d353789ebd407035bb5a1f212218f974155bfb1503cf1,943360a9a5818959e33aa851d0ac4831c347ca8ca4b98b4e7e95a6abb99fcb34,e010ed09d4baf4ac5efe240fbdd22264e7caf3784e7fd56d689fc430610e13cc,0d3eb13046a372114ff88ccf4c3705c1d86a0f99f77e3dd055114c14340c20d3,2fa681397d141713e9187257c632d2390f27f3c7dc2f0e7db637a8bc5e4bd411,7611686ba1212d9b1d79f65e1f59cd146439aaa69f5d9a7937aaf8c24946f187,0.183836976,0.196158381,0000
639,001a,0010,e3b0c44298fc1c149afbf4c8996fb92427ae41e4649b934ca495991b7852b855,e3b0c44298fc1c149afbf4c8996fb92427ae41e4649b934ca495991b7852b855,1b04758ecfde24c0e30a0d9f5f3a8827fd935f69eba7c65f650542db530bdca5,943360a9a5818959e33aa851d0ac4831c347ca8ca4b98b4e7e95a6abb99fcb34,e010ed09d4baf4ac5efe240fbdd22264e7caf3784e7fd56d689fc430610e13cc,0d3eb13046a372114ff88ccf4c3705c1d86a0f99f77e3dd055114c14340c20d3,05f7d56a8d0b12ee1851745fa6ec68ab39508d3109d8bf69a5811bb6ab5771bc,bb6db473093af47dd439e273fd012bdda1eea5c0008ec6a5911793c192936d99,0.183948256,0.196144939,0000
640,001a,0010,e3b0c44298fc1c149afbf4c8996fb92427ae41e4649b934ca495991b7852b855,e3b0c44298fc1c149afbf4c8996fb92427ae41e4649b934ca495991b7852b855,f8b2389376bb47e80d6f7946dd51f428b9bdd3fe0ee90aa0d6406599fb711c1f,943360a9a5818959e33aa851d0ac4831c347ca8ca4b98b4e7e95a6abb99fcb34,e010ed09d4baf4ac5efe240fbdd22264e7caf3784e7fd56d689fc430610e13cc,0d3eb13046a372114ff88ccf4c3705c1d86a0f99f77e3dd055114c14340c20d3,8d9c3259939a596d511a2931919ff0bd107c43a1d0bcdd3dd6aa8d69d5a28301,1553a124933a3ccc5f7af9aff7b7cb5cdf7265ad5f16cf9bfc6c80eae8c3b881,0.183948910,0.194940508,0000
641,001a,0010,e3b0c44298fc1c149afbf4c8996fb92427ae41e4649b934ca495991b7852b855,e3b0c44298fc1c149afbf4c8996fb92427ae41e4649b934ca495991b7852b855,ac1dfa51caabb7d150ba1da0793a12ac23c437b92cd407f4f7314f4664131e63,943360a9a5818959e33aa851d0ac4831c347ca8ca4b98b4e7e95a6abb99fcb34,e010ed09d4baf4ac5efe240fbdd22264e7caf3784e7fd56d689fc430610e13cc,0d3eb13046a372114ff88ccf4c3705c1d86a0f99f77e3dd055114c14340c20d3,354a0db0785c525204265517a3588ec1859f43d421c73bd60358305ef6e13bfd,c9d30981766588982e0063ff075cd8098a3655ce8b489ebdb1d23094dcca1b61,0.183964786,0.196046965,0000
642,001a,0010,e3b0c44298fc1c149afbf4c8996fb92427ae41e4649b934ca495991b7852b855,e3b0c44298fc1c149afbf4c8996fb92427ae41e4649b934ca495991b7852b855,dcea87ac123494c89fdac98828c37767622500c27309082314aafeec1b43b137,943360a9a5818959e33aa851d0ac4831c347ca8ca4b98b4e7e95a6abb99fcb34,e010ed09d4baf4ac5efe240fbdd22264e7caf3784e7fd56d689fc430610e13cc,0d3eb13046a372114ff88ccf4c3705c1d86a0f99f77e3dd055114c14340c20d3,9ed93c1b95ef3efa01265380c086950066812fb3e4040213f3b897d8b9ba5860,009bc6270448da9290a45ecdce1d14541f3b4eedd3b359e472f9490900f70a3e,0.183844059,0.195124598,0000
643,001a,0010,e3b0c44298fc1c149afbf4c8996fb92427ae41e4649b934ca495991b7852b855,e3b0c44298fc1c149afbf4c8996fb92427ae41e4649b934ca495991b7852b855,9535788550b46a754a2a911c38c2dae8f94aa1350dee2854653e954c251fdf53,943360a9a5818959e33aa851d0ac4831c347ca8ca4b98b4e7e95a6abb99fcb34,e010ed09d4baf4ac5efe240fbdd22264e7caf3784e7fd56d689fc430610e13cc,0d3eb13046a372114ff88ccf4c3705c1d86a0f99f77e3dd055114c14340c20d3,b094f3c9655e29962caf8efffeb7e8b91f8a438f90d32f32ead425612101cfd4,f667ca830d528a5c8c4d90c6212cee7c85418cc1edfb8bd345244c347a4976dc,0.183991989,0.195111385,0000
644,001a,0010,e3b0c44298fc1c149afbf4c8996fb92427ae41e4649b934ca495991b7852b855,e3b0c44298fc1c149afbf4c8996fb92427ae41e4649b934ca495991b7852b855,ae4993e0ca4750654d0a2bd084fa1e16a017c5a6dc0c0b9bfaca5cd8e5ad6b50,943360a9a5818959e33aa851d0ac4831c347ca8ca4b98b4e7e95a6abb99fcb34,e010ed09d4baf4ac5efe240fbdd22264e7caf3784e7fd56d689fc430610e13cc,0d3eb13046a372114ff88ccf4c3705c1d86a0f99f77e3dd055114c14340c20d3,c51e4457f1ee71f88830f6941a6fede65850b0e2cd7303a0b1ae351302e5374a,abf823eb776c84b74812b71f30999dc302bd9a416530f4506d79012a360d7529,0.183944911,0.194940531,0000
645,001a,0010,e3b0c44298fc1c149afbf4c8996fb92427ae41e4649b934ca495991b7852b855,e3b0c44298fc1c149afbf4c8996fb92427ae41e4649b934ca495991b7852b855,933f19bddcff16a332eae7d2cc627eda29732ed337d43fb63bd43fd80250a4c7,943360a9a5818959e33aa851d0ac4831c347ca8ca4b98b4e7e95a6abb99fcb34,e010ed09d4baf4ac5efe240fbdd22264e7caf3784e7fd56d689fc430610e13cc,0d3eb13046a372114ff88ccf4c3705c1d86a0f99f77e3dd055114c14340c20d3,5035c4719ea0976998289bbee8969672bad4e61454e5b119b305c5baefe69fe9,96f9d517ce106a7f5c8430c5757644f55d9ccad0f5eedae265f18be244bd4745,0.186042217,0.196051835,0000
646,001a,0010,e3b0c44298fc1c149afbf4c8996fb92427ae41e4649b934ca495991b7852b855,e3b0c44298fc1c149afbf4c8996fb92427ae41e4649b934ca495991b7852b855,9b4119a8e636b842a72bcb3532ed4ea84677444c5c4f2b9e89f7dfa3c1ecf3d9,943360a9a5818959e33aa851d0ac4831c347ca8ca4b98b4e7e95a6abb99fcb34,e010ed09d4baf4ac5efe240fbdd22264e7caf3784e7fd56d689fc430610e13cc,0d3eb13046a372114ff88ccf4c3705c1d86a0f99f77e3dd055114c14340c20d3,b9f04623b374d2c6b77d0d105b97ef6cd64aa16692c5c5fddd390c46cd98bbd0,9e9aef68abfc46e68061d7008d471d79e5d3f2b2f128146d4b72d83343383d65,0.186047754,0.194945511,0000
647,001a,0010,e3b0c44298fc1c149afbf4c8996fb92427ae41e4649b934ca495991b7852b855,e3b0c44298fc1c149afbf4c8996fb92427ae41e4649b934ca495991b7852b855,34f6edcdd95cdb1f09b17a6eabecef60eb5904880870b2135c54b6327bcc62c5,943360a9a5818959e33aa851d0ac4831c347ca8ca4b98b4e7e95a6abb99fcb34,e010ed09d4baf4ac5efe240fbdd22264e7caf3784e7fd56d689fc430610e13cc,0d3eb13046a372114ff88ccf4c3705c1d86a0f99f77e3dd055114c14340c20d3,deaba361910bd0e2727c7e6b1776fbee926373d629db7560144fd10391a7488e,6e74382dade13bd12e6be1e94a44410f6e8c9a4dbf9fd00bd1120def928c004c,0.183895336,0.195044023,0000
648,001a,0010,e3b0c44298fc1c149afbf4c8996fb92427ae41e4649b934ca495991b7852b855,e3b0c44298fc1c149afbf4c8996fb92427ae41e4649b934ca495991b7852b855,2bcbb26c7be24c2482f2e9e2382a16e69bd7aa9ff4ed964f88c03ee5831453bc,943360a9a5818959e33aa851d0ac4831c347ca8ca4b98b4e7e95a6abb99fcb34,e010ed09d4baf4ac5efe240fbdd22264e7caf3784e7fd56d689fc430610e13cc,0d3eb13046a372114ff88ccf4c3705c1d86a0f99f77e3dd055114c14340c20d3,bc1e7f6046c101b4face8fe27c48200ae26534cb75957ebffa525f33677c297e,76f8d41f0f1edc504096862b83403c0ddc38b512ae4369795c312a4984915b9c,0.186042212,0.194901221,0000
649,001a,0010,e3b0c44298fc1c149afbf4c8996fb92427ae41e4649b934ca495991b7852b855,e3b0c44298fc1c149afbf4c8996fb92427ae41e4649b934ca495991b7852b855,b259141fb09829a0ba47996ec16a70f128efcf749f4059f1dd033b6e2ac7fd37,943360a9a5818959e33aa851d0ac4831c347ca8ca4b98b4e7e95a6abb99fcb34,e010ed09d4baf4ac5efe240fbdd22264e7caf3784e7fd56d689fc430610e13cc,0d3eb13046a372114ff88ccf4c3705c1d86a0f99f77e3dd055114c14340c20d3,0fba64b30817e7f7078315ea8daee910ef15cf36335acc2c01fcd8fe074a8a16,03b48dae3268c1293e849e37cd83ed1a7a33a3b285924e5057e69ccce6b2efdc,0.183946074,0.196043160,0000
650,001a,0010,e3b0c44298fc1c149afbf4c8996fb92427ae41e4649b934ca495991b7852b855,e3b0c44298fc1c149afbf4c8996fb92427ae41e4649b934ca495991b7852b855,8515ecd9ebf096d9b7960d0d2b6f1174819ee64a180f59921a54c551af36ae17,943360a9a5818959e33aa851d0ac4831c347ca8ca4b98b4e7e95a6abb99fcb34,e010ed09d4baf4ac5efe240fbdd22264e7caf3784e7fd56d689fc430610e13cc,0d3eb13046a372114ff88ccf4c3705c1d86a0f99f77e3dd055114c14340c20d3,ca6b4bfacefda9d46e30e5e996dbd52d4d1cd246bf7082df1e74fe50a1975e62,bc2da2c0b8e56c7bab5cf0dedfb499e775ab240f84c7fe7948b05cc446d78fef,0.183840744,0.195155990,0000
651,001a,0010,e3b0c44298fc1c149afbf4c8996fb92427ae41e4649b934ca495991b7852b855,e3b0c44298fc1c149afbf4c8996fb92427ae41e4649b934ca495991b7852b855,ff345b9f562d15ecfe0f994facbb0220e8ba356144cb144994c7078342ecd963,943360a9a5818959e33aa851d0ac4831c347ca8ca4b98b4e7e95a6abb99fcb34,e010ed09d4baf4ac5efe240fbdd22264e7caf3784e7fd56d689fc430610e13cc,0d3eb13046a372114ff88ccf4c3705c1d86a0f99f77e3dd055114c14340c20d3,eb6932760fb34744446ea4fa7d850885f90ec7ab4c930e6eac0c6c1f0aa57f3e,a8696984106b225f5289adf52b0779c2d4e6148544bd07253f65434cd16bee1f,0.183854663,0.196156838,0000
652,001a,0010,e3b0c44298fc1c149afbf4c8996fb92427ae41e4649b934ca495991b7852b855,e3b0c44298fc1c149afbf4c8996fb92427ae41e4649b934ca495991b7852b855,021e33c37b7f7c286de917e0e46d4e5aa6b83f5e4f9a65c85da48777eadef69f,943360a9a5818959e33aa851d0ac4831c347ca8ca4b98b4e7e95a6abb99fcb34,e010ed09d4baf4ac5efe240fbdd22264e7caf3784e7fd56d689fc430610e13cc,0d3eb13046a372114ff88ccf4c3705c1d86a0f99f77e3dd055114c14340c20d3,29d6ce09200e240b3fe220034fd41b10c0c5fbd483b3488b1f357f86b2e9ce30,12caab0f5cf63020b8824e7681e38276a693b84cd6e6ece633907eef5c03a499,0.183839056,0.195128911,0000
653,001a,0010,e3b0c44298fc1c149afbf4c8996fb92427ae41e4649b934ca495991b7852b855,e3b0c44298fc1c149afbf4c8996fb92427ae41e4649b934ca495991b7852b855,adbb767a842e28508581a755af2197d8e99374d841370abc4a243f1547e66224,943360a9a5818959e33aa851d0ac4831c347ca8ca4b98b4e7e95a6abb99fcb34,e010ed09d4baf4ac5efe240fbdd22264e7caf3784e7fd56d689fc430610e13cc,0d3eb13046a372114ff88ccf4c3705c1d86a0f99f77e3dd055114c14340c20d3,07f06ed78044c67036153ba8758e46743f398f5a05651849dafc14bfb537a0b7,a19af348bed71d7e218b9346d1dc30241b7f8f755f0848da754b3e3160f3fe28,0.184167868,0.194931553,0000
654,001a,0010,e3b0c44298fc1c149afbf4c8996fb92427ae41e4649b934ca495991b7852b855,e3b0c44298fc1c149afbf4c8996fb92427ae41e4649b934ca495991b7852b855,e621553fad2079d74464941d34db44c748921a64678fd41d9763c742bf5f2271,943360a9a5818959e33aa851d0ac4831c347ca8ca4b98b4e7e95a6abb99fcb34,e010ed09d4baf4ac5efe240fbdd22264e7caf3784e7fd56d689fc430610e13cc,0d3eb13046a372114ff88ccf4c3705c1d86a0f99f77e3dd055114c14340c20d3,c597bdbbd9e44e49391389735d2f94d906afcbb437b3a58dbf99362bedf4721c,ee26e53107e3765ff349156d5ec6ec359984dc58d09c6c8101418934c6d67c98,0.183171511,0.194820040,0000
655,001a,0010,e3b0c44298fc1c149afbf4c8996fb92427ae41e4649b934ca495991b7852b855,e3b0c44298fc1c149afbf4c8996fb92427ae41e4649b934ca495991b7852b855,c12b87b0c52cad9e3b2f255f382a708a18f131eb7c2f2b218f9a014cce8148f3,943360a9a5818959e33aa851d0ac4831c347ca8ca4b98b4e7e95a6abb99fcb34,e010ed09d4baf4ac5efe240fbdd22264e7caf3784e7fd56d689fc430610e13cc,0d3eb13046a372114ff88ccf4c3705c1d86a0f99f77e3dd055114c14340c20d3,75abe274bc2bf2147eec0638d0e6e1093c7aae8d0caccd04a06c6d0f786a90d2,8eed79066288a2691c0cdd0b7f68a840f6214cc2d34adef8598170e143037c13,0.184053384,0.194940507,0000
656,001a,0010,e3b0c44298fc1c149afbf4c8996fb92427ae41e4649b934ca495991b7852b855,e3b0c44298fc1c149afbf4c8996fb92427ae41e4649b934ca495991b7852b855,0f98fdbf382a2a05f6600e2008260260ca460a0a9500d2b7bbd0d703231950c3,943360a9a5818959e33aa851d0ac4831c347ca8ca4b98b4e7e95a6abb99fcb34,e010ed09d4baf4ac5efe240fbdd22264e7caf3784e7fd56d689fc430610e13cc,0d3eb13046a372114ff88ccf4c3705c1d86a0f99f77e3dd055114c14340c20d3,8d574923bea3b5e2c5dd8ca05b4a63c53c489600053757f0e787b4890298e8e0,c73496a469f295e0e92b28435e90a289d47a266182815f02913bad8321ea64a2,0.183979309,0.194943360,0000
657,001a,0010,e3b0c44298fc1c149afbf4c8996fb92427ae41e4649b934ca495991b7852b855,e3b0c44298fc1c149afbf4c8996fb92427ae41e4649b934ca495991b7852b855,3604da0c8478c991398b1dbd3381331f448f2bb59b06de991a0b9ba00ef0bb5c,943360a9a5818959e33aa851d0ac4831c347ca8ca4b98b4e7e95a6abb99fcb34,e010ed09d4baf4ac5efe240fbdd22264e7caf3784e7fd56d689fc430610e13cc,0d3eb13046a372114ff88ccf4c3705c1d86a0f99f77e3dd055114c14340c20d3,59ee9904060ba5a571a695862ab3cd42464fa08d6ffa943c2c2ef003b5aa2b60,5a3fc05bf905e23b42fb748f750cbb7ff5abbf03c574137823b8042725695065,0.186102404,0.195908855,0000
658,001a,0010,e3b0c44298fc1c149afbf4c8996fb92427ae41e4649b934ca495991b7852b855,e3b0c44298fc1c149afbf4c8996fb92427ae41e4649b934ca495991b7852b855,67e685de457db6d49ff8af43ba28dc4e7b138ef252566ae3ed7b2cd1c5c08fde,943360a9a5818959e33aa851d0ac4831c347ca8ca4b98b4e7e95a6abb99fcb34,e010ed09d4baf4ac5efe240fbdd22264e7caf3784e7fd56d689fc430610e13cc,0d3eb13046a372114ff88ccf4c3705c1d86a0f99f77e3dd055114c14340c20d3,0bcd41b7933f9fe019241a0a923c08f10a3a59f4ca8c0d2a9b2d039f28ec6f51,ad5db8225efc066a498a135307a17f9df83dd3d8a1b75302049122fda9842d3d,0.184044721,0.194995339,0000
659,001a,0010,e3b0c44298fc1c149afbf4c8996fb92427ae41e4649b934ca495991b7852b855,e3b0c44298fc1c149afbf4c8996fb92427ae41e4649b934ca495991b7852b855,af3680098e18ee4981ad2fe3716e5b64154590037d5439d3d5510961fbab462d,943360a9a5818959e33aa851d0ac4831c347ca8ca4b98b4e7e95a6abb99fcb34,e010ed09d4baf4ac5efe240fbdd22264e7caf3784e7fd56d689fc430610e13cc,0d3eb13046a372114ff88ccf4c3705c1d86a0f99f77e3dd055114c14340c20d3,f57636a429403003254423686d674974bcc47c03a45746ac832f05d3a0823341,71d5e922621ebd14c1f6ba3bbc7dbd8d27bf0c98d2fe09687c3291fb1a0f8c66,0.184046200,0.194949407,0000
660,001a,0010,e3b0c44298fc1c149afbf4c8996fb92427ae41e4649b934ca495991b7852b855,e3b0c44298fc1c149afbf4c8996fb92427ae41e4649b934ca495991b7852b855,bc2a0af4fcca92c3b8548b4408e14f01bee4309b4c975901481ba12bbc20d767,943360a9a5818959e33aa851d0ac4831c347ca8ca4b98b4e7e95a6abb99fcb34,e010ed09d4baf4ac5efe240fbdd22264e7caf3784e7fd56d689fc430610e13cc,0d3eb13046a372114ff88ccf4c3705c1d86a0f99f77e3dd055114c14340c20d3,7fe6358a9d292c60edd9eb7a4529ebf47b19c4a110031334c298af39ea0ab1cc,e6c167d7624478b4cf6f55f8f3588bdbdaeaf81eafa31b411238476f844e3f6b,0.184046465,0.194938429,0000
661,001a,0010,e3b0c44298fc1c149afbf4c8996fb92427ae41e4649b934ca495991b7852b855,e3b0c44298fc1c149afbf4c8996fb92427ae41e4649b934ca495991b7852b855,064b42b6f807bd209c7a398298f02b99015919448cfeaf65448fb7c7c8d3d5c5,943360a9a5818959e33aa851d0ac4831c347ca8ca4b98b4e7e95a6abb99fcb34,e010ed09d4baf4ac5efe240fbdd22264e7caf3784e7fd56d689fc430610e13cc,0d3eb13046a372114ff88ccf4c3705c1d86a0f99f77e3dd055114c14340c20d3,6db9fbcf3f58991b5a88c5b33612ca4d1ebec13e597d0ad8a6a261c024dd7b4e,fdc416228adec008f7998789fd2dfdadefc20f93a9e89e74f1d0fb4148abb8e8,0.183754391,0.195053285,0000
662,001a,0010,e3b0c44298fc1c149afbf4c8996fb92427ae41e4649b934ca495991b7852b855,e3b0c44298fc1c149afbf4c8996fb92427ae41e4649b934ca495991b7852b855,81d2896de3b03993dfd64f42fd9c10a47606e9704909c4090477b5eb1233006f,943360a9a5818959e33aa851d0ac4831c347ca8ca4b98b4e7e95a6abb99fcb34,e010ed09d4baf4ac5efe240fbdd22264e7caf3784e7fd56d689fc430610e13cc,0d3eb13046a372114ff88ccf4c3705c1d86a0f99f77e3dd055114c14340c20d3,b43524f76a57f226a91dd33228aeb56ba5ff1e9a62f51cf4d93d23faf2f4def9,31b347fba128cb0bc9173ddc3336408c7c247c050ea561bce710279c4b31bff5,0.183943274,0.196136345,0000
663,001a,0010,e3b0c44298fc1c149afbf4c8996fb92427ae41e4649b934ca495991b7852b855,e3b0c44298fc1c149afbf4c8996fb92427ae41e4649b934ca495991b7852b855,2dd83e439e2afaa54c739110080e842e9f755fb730c156b51cded990cd0c1b11,943360a9a5818959e33aa851d0ac4831c347ca8ca4b98b4e7e95a6abb99fcb34,e010ed09d4baf4ac5efe240fbdd22264e7caf3784e7fd56d689fc430610e13cc,0d3eb13046a372114ff88ccf4c3705c1d86a0f99f77e3dd055114c14340c20d3,b3c8c85faac121212c4395bd6da900d5d19a0aecc2daf329e0167dcdcf388bd3,f39f037769aa42c4a489bcb6a4f12020471bb41b439b10f59453bfc37eea1fbe,0.183839318,0.196152687,0000
664,001a,0010,e3b0c44298fc1c149afbf4c8996fb92427ae41e4649b934ca495991b7852b855,e3b0c44298fc1c149afbf4c8996fb92427ae41e4649b934ca495991b7852b855,5acad27e5d8a7890fc9bc4de37ea29f4a098397c208411e09bcee7c8a83c7f70,943360a9a5818959e33aa851d0ac4831c347ca8ca4b98b4e7e95a6abb99fcb34,e010ed09d4baf4ac5efe240fbdd22264e7caf3784e7fd56d689fc430610e13cc,0d3eb13046a372114ff88ccf4c3705c1d86a0f99f77e3dd055114c14340c20d3,b0e80292dd1a2774406282636a8658a4279a0aeac8fb32e4d51b6a9b4bd4bf3b,ba18b612dff7408664ca11ebcf3d1fd0e1798648825c8d66d35194aac8b8f6a3,0.183845705,0.196147821,0000
665,001a,0010,e3b0c44298fc1c149afbf4c8996fb92427ae41e4649b934ca495991b7852b855,e3b0c44298fc1c149afbf4c8996fb92427ae41e4649b934ca495991b7852b855,5c54a3b52bf6814533deb9ba618b16c8ad43013431bd1d54a602401dddbcccd0,943360a9a5818959e33aa851d0ac4831c347ca8ca4b98b4e7e95a6abb99fcb34,e010ed09d4baf4ac5efe240fbdd22264e7caf3784e7fd56d689fc430610e13cc,0d3eb13046a372114ff88ccf4c3705c1d86a0f99f77e3dd055114c14340c20d3,af77e79709e4f114fe7b65adc8dec55cc4b5ff181bbbf2ac679cb7039e5783de,1aad704196905d3b80133ba2717b47809109039daf41d851602be9815a53a17e,0.185935347,0.195052867,0000
666,001a,0010,e3b0c44298fc1c149afbf4c8996fb92427ae41e4649b934ca495991b7852b855,e3b0c44298fc1c149afbf4c8996fb92427ae41e4649b934ca495991b7852b855,338abe40f6035095a27a4ac54e95c7d49522800e4b7f721452ef711c9223e440,943360a9a5818959e33aa851d0ac4831c347ca8ca4b98b4e7e95a6abb99fcb34,e010ed09d4baf4ac5efe240fbdd22264e7caf3784e7fd56d689fc430610e13cc,0d3eb13046a372114ff88ccf4c3705c1d86a0f99f77e3dd055114c14340c20d3,c99485e8425e275ef1603f60d907649d2427f4154c4d329486350bb3c5f7f44c,13bcbc112cb3f1492855c9600360933fe21a804d0f1344a293fe0c3e8fee964f,0.183754328,0.196144859,0000
667,001a,0010,e3b0c44298fc1c149afbf4c8996fb92427ae41e4649b934ca495991b7852b855,e3b0c44298fc1c149afbf4c8996fb92427ae41e4649b934ca495991b7852b855,a70ab14995226ff2a46c71aa753ef46ba4ebada2eab6c42988ae95f132719f3e,943360a9a5818959e33aa851d0ac4831c347ca8ca4b98b4e7e95a6abb99fcb34,e010ed09d4baf4ac5efe240fbdd22264e7caf3784e7fd56d689fc430610e13cc,0d3eb13046a372114ff88ccf4c3705c1d86a0f99f77e3dd055114c14340c20d3,9b6884c08e832d02b63f5d189c6260451970d4cce166714eec0a2173b1adf7c0,7179c7a337e1ba0fce81e08848c9e08ac5abfd141d3ac2352e6a543b2a4936eb,0.183716977,0.196239737,0000
668,001a,0010,e3b0c44298fc1c149afbf4c8996fb92427ae41e4649b934ca495991b7852b855,e3b0c44298fc1c149afbf4c8996fb92427ae41e4649b934ca495991b7852b855,9910add91d433b0dd117967f1c60bc9e68e3fb691f80f4297f9e4e2e73e20df0,943360a9a5818959e33aa851d0ac4831c347ca8ca4b98b4e7e95a6abb99fcb34,e010ed09d4baf4ac5efe240fbdd22264e7caf3784e7fd56d689fc430610e13cc,0d3eb13046a372114ff88ccf4c3705c1d86a0f99f77e3dd055114c14340c20d3,b75e1d81f3bc437861963ba91e61100fe91592bebe8657b123ce6745ad72614a,6af7ec798ab763fba7eedb0f6f89fbde38c5274ce4f1b4d72d8cb79d6c92888e,0.183948192,0.194274780,0000
669,001a,0010,e3b0c44298fc1c149afbf4c8996fb92427ae41e4649b934ca495991b7852b855,e3b0c44298fc1c149afbf4c8996fb92427ae41e4649b934ca495991b7852b855,217d02711d63976ed8adb588f697557966561ab0f43a7d3c45887d464ca086c6,943360a9a5818959e33aa851d0ac4831c347ca8ca4b98b4e7e95a6abb99fcb34,e010ed09d4baf4ac5efe240fbdd22264e7caf3784e7fd56d689fc430610e13cc,0d3eb13046a372114ff88ccf4c3705c1d86a0f99f77e3dd055114c14340c20d3,eeef13f9f6f46a7768deefd4a368efb35a13a5a74b24a6eee450fe2d83d5774f,d806f8e92c064443d9ca94166e3191fe8271587591cb2e5e3d85473ee2738147,0.186032277,0.194978704,0000
670,001a,0010,e3b0c44298fc1c149afbf4c8996fb92427ae41e4649b934ca495991b7852b855,e3b0c44298fc1c149afbf4c8996fb92427ae41e4649b934ca495991b7852b855,4729a1c037254259161aa8b1bf2bf6393362a7340c6698501f1201bf2b01d8df,943360a9a5818959e33aa851d0ac4831c347ca8ca4b98b4e7e95a6abb99fcb34,e010ed09d4baf4ac5efe240fbdd22264e7caf3784e7fd56d689fc430610e13cc,0d3eb13046a372114ff88ccf4c3705c1d86a0f99f77e3dd055114c14340c20d3,6110815d30d02b2931c3ff813be7fef016444250bb453b7374c15f8aa69b85e1,6b3d792949fe5d4af83952cadc9b05c6e3f4e70f79ff4fecb1a4a3c317437600,0.183836506,0.195031676,0000
671,001a,0010,e3b0c44298fc1c149afbf4c8996fb92427ae41e4649b934ca495991b7852b855,e3b0c44298fc1c149afbf4c8996fb92427ae41e4649b934ca495991b7852b855,63b3e3e2c5b1ed9f794e3f12d39dd54c6393f2ee0476e6fde81eaad9f83405a3,943360a9a5818959e33aa851d0ac4831c347ca8ca4b98b4e7e95a6abb99fcb34,e010ed09d4baf4ac5efe240fbdd22264e7caf3784e7fd56d689fc430610e13cc,0d3eb13046a372114ff88ccf4c3705c1d86a0f99f77e3dd055114c14340c20d3,935dd9c46bd19d5e52d22a027db096ce869afe66d0d7bc5f26bcd86c369f93ac,57f88e8c3b2f662fb33fba7ab2e1336583f88c6a74daefa1130a6a0202858f95,0.184049984,0.196070715,0000
672,001a,0010,e3b0c44298fc1c149afbf4c8996fb92427ae41e4649b934ca495991b7852b855,e3b0c44298fc1c149afbf4c8996fb92427ae41e4649b934ca495991b7852b855,7f6ac374a51d388157d686f2c663aaea774dbc1e894dd2f0df59431c5c12e81c,943360a9a5818959e33aa851d0ac4831c347ca8ca4b98b4e7e95a6abb99fcb34,e010ed09d4baf4ac5efe240fbdd22264e7caf3784e7fd56d689fc430610e13cc,0d3eb13046a372114ff88ccf4c3705c1d86a0f99f77e3dd055114c14340c20d3,7063cfb8ebff40edbf07a24c4f5332e111e48c5dc81c2ab6868525d532e8fb19,a96f492ff7dcad8e44c8e689ac469ef220ca516d6d81b48834e4932cf7378e15,0.184045998,0.194816326,0000
673,001a,0010,e3b0c44298fc1c149afbf4c8996fb92427ae41e4649b934ca495991b7852b855,e3b0c44298fc1c149afbf4c8996fb92427ae41e4649b934ca495991b7852b855,099a595baa1f91d5f340a31804881e59bec7b45dd78f369f3c6b7fc40949c33b,943360a9a5818959e33aa851d0ac4831c347ca8ca4b98b4e7e95a6abb99fcb34,e010ed09d4baf4ac5efe240fbdd22264e7caf3784e7fd56d689fc430610e13cc,0d3eb13046a372114ff88ccf4c3705c1d86a0f99f77e3dd055114c14340c20d3,1544f8eee868bdce452ea2da41c91b70f4187f9168ae34282ca6bfd57c20e4da,01fdae5c69241d0ebc07b1d30d7cd9d68bc955c49ca47eaf37c8c70b8cb5a9b8,0.183844317,0.196149129,0000
674,001a,0010,e3b0c44298fc1c149afbf4c8996fb92427ae41e4649b934ca495991b7852b855,e3b0c44298fc1c149afbf4c8996fb92427ae41e4649b934ca495991b7852b855,2217c1d00bd55505b0624f05a0ad0d01c5028ee7f6e7cc1bd8ad2a84070bbd4b,943360a9a5818959e33aa851d0ac4831c347ca8ca4b98b4e7e95a6abb99fcb34,e010ed09d4baf4ac5efe240fbdd22264e7caf3784e7fd56d689fc430610e13cc,0d3eb13046a372114ff88ccf4c3705c1d86a0f99f77e3dd055114c14340c20d3,03b3c9bb0624b7c7e3f6000e5c7e52255b9b664fac73b197cc614a1b73370f7a,be8f85f9ed434f2e6d83ce6c1ab457d34a2cdaedbdb7edc6476ef894295807bc,0.183849812,0.196147786,0000
675,001a,0010,e3b0c44298fc1c149afbf4c8996fb92427ae41e4649b934ca495991b7852b855,e3b0c44298fc1c149afbf4c8996fb92427ae41e4649b934ca495991b7852b855,2a5e7d6830d70f82a2069fb8b5f6c6faef6a67920715d0e6c6a5e8824d880431,943360a9a5818959e33aa851d0ac4831c347ca8ca4b98b4e7e95a6abb99fcb34,e010ed09d4baf4ac5efe240fbdd22264e7caf3784e7fd56d689fc430610e13cc,0d3eb13046a372114ff88ccf4c3705c1d86a0f99f77e3dd055114c14340c20d3,02892639c34415db4f15ba0ad947862d9efd0145b92e3e91568f9064b6f6c55c,4005eeaa7b42a80e3c208dc2d0ce60c17fd102835ac9f3cea5a341a6d0d57a7f,0.186065096,0.194925622,0000
676,001a,0010,e3b0c44298fc1c149afbf4c8996fb92427ae41e4649b934ca495991b7852b855,e3b0c44298fc1c149afbf4c8996fb92427ae41e4649b934ca495991b7852b855,b4f5a1a558f1168a375fe14e0f1a945c1ce7b1b2af027ca3d884a899c2e8d225,943360a9a5818959e33aa851d0ac4831c347ca8ca4b98b4e7e95a6abb99fcb34,e010ed09d4baf4ac5efe240fbdd22264e7caf3784e7fd56d689fc430610e13cc,0d3eb13046a372114ff88ccf4c3705c1d86a0f99f77e3dd055114c14340c20d3,7a3725d4e3faf0433b0f82973c1b9df5c3565ce26fed992f550efc7e7a7e9f9b,b57834036830d7efb7766cffbdf1683bb90df42ba1352a07e662483d504f83cf,0.185940580,0.195047818,0000
677,001a,0010,e3b0c44298fc1c149afbf4c8996fb92427ae41e4649b934ca495991b7852b855,e3b0c44298fc1c149afbf4c8996fb92427ae41e4649b934ca495991b7852b855,f0d24a78e8c4c2d56e244acd7239b2216bc62b34dad477894627b10bf8ec3691,943360a9a5818959e33aa851d0ac4831c347ca8ca4b98b4e7e95a6abb99fcb34,e010ed09d4baf4ac5efe240fbdd22264e7caf3784e7fd56d689fc430610e13cc,0d3eb13046a372114ff88ccf4c3705c1d86a0f99f77e3dd055114c14340c20d3,35981c31babd431e6a99ac37649004312cf170a1f9a65f6e53167b1490d5a277,4352a881eeed35d2d56414a18b3c1e885349955b8754970b18defab83e8c29df,0.185946485,0.195926432,0000
678,001a,0010,e3b0c44298fc1c149afbf4c8996fb92427ae41e4649b934ca495991b7852b855,e3b0c44298fc1c149afbf4c8996fb92427ae41e4649b934ca495991b7852b855,cfb54bd10549d3d2c570d361e84ff393051a90d46a07aad4871320c34a7a5ae4,943360a9a5818959e33aa851d0ac4831c347ca8ca4b98b4e7e95a6abb99fcb34,e010ed09d4baf4ac5efe240fbdd22264e7caf3784e7fd56d689fc430610e13cc,0d3eb13046a372114ff88ccf4c3705c1d86a0f99f77e3dd055114c14340c20d3,5144141cbdf1e7d0338dea37eb3eaa0fa1a05d8eab6614994331c1beded91c94,b216fd2b7bc691010f3c9b1bf4d161dfbd350b9b1b4c13846af8e4403b4364f2,0.183722596,0.196268908,0000
679,001a,0010,e3b0c44298fc1c149afbf4c8996fb92427ae41e4649b934ca495991b7852b855,e3b0c44298fc1c149afbf4c8996fb92427ae41e4649b934ca495991b7852b855,e326b2dbc7545063b39061c123bba74c482b5f28d0179fd4140cf831fe1819ea,943360a9a5818959e33aa851d0ac4831c347ca8ca4b98b4e7e95a6abb99fcb34,e010ed09d4baf4ac5efe240fbdd22264e7caf3784e7fd56d689fc430610e13cc,0d3eb13046a372114ff88ccf4c3705c1d86a0f99f77e3dd055114c14340c20d3,d055a78cd591ff6fb6487db0c6efb311835456377219891ca2030920ddff17a8,264ce1667eba8a57db9463cc320a657193f7d3bd327a9a5625e0860f9cafde99,0.184049152,0.196166292,0000
680,001a,0010,e3b0c44298fc1c149afbf4c8996fb92427ae41e4649b934ca495991b7852b855,e3b0c44298fc1c149afbf4c8996fb92427ae41e4649b934ca495991b7852b855,a8db50afc19e53433663fb76fe987f8d224a6a9339f6998875b2ba67fe62b248,943360a9a5818959e33aa851d0ac4831c347ca8ca4b98b4e7e95a6abb99fcb34,e010ed09d4baf4ac5efe240fbdd22264e7caf3784e7fd56d689fc430610e13cc,0d3eb13046a372114ff88ccf4c3705c1d86a0f99f77e3dd055114c14340c20d3,37e800498bd14245a740d7e1531fdeb8f4b1417f66fb43e89695287b1750f3b1,c6f4dc0c972d210af845c77ac9d60a580503e9347791d0f79b98679fb1691f26,0.183948814,0.195047785,0000
681,001a,0010,e3b0c44298fc1c149afbf4c8996fb92427ae41e4649b934ca495991b7852b855,e3b0c44298fc1c149afbf4c8996fb92427ae41e4649b934ca495991b7852b855,8546211f765b930765942575d45abace1b4e6f508e238a103064dfbd7c216062,943360a9a5818959e33aa851d0ac4831c347ca8ca4b98b4e7e95a6abb99fcb34,e010ed09d4baf4ac5efe240fbdd22264e7caf3784e7fd56d689fc430610e13cc,0d3eb13046a372114ff88ccf4c3705c1d86a0f99f77e3dd055114c14340c20d3,f3f6d755788b1b7fbbaa796ff2c69ea9022bc64ec59ef23fe7f624e99ed79d1b,4b796b22cf686eea0ad3f95e4879bea48e3948c9d961f22bba9c0ec8596fc23a,0.184050780,0.194938221,0000
682,001a,0010,e3b0c44298fc1c149afbf4c8996fb92427ae41e4649b934ca495991b7852b855,e3b0c44298fc1c149afbf4c8996fb92427ae41e4649b934ca495991b7852b855,b71ae7035ea13c7cec11dbe8837a8f441c0aec08270bf7a9f174350800ec448d,943360a9a5818959e33aa851d0ac4831c347ca8ca4b98b4e7e95a6abb99fcb34,e010ed09d4baf4ac5efe240fbdd22264e7caf3784e7fd56d689fc430610e13cc,0d3eb13046a372114ff88ccf4c3705c1d86a0f99f77e3dd055114c14340c20d3,6b9989c338b069a351b10b5cdb196241a6347eee8a299e2c61e5ad96bf046d38,fff79eb2995b7aee216a0b51efb799fa4f6e59bc5a393170e45efa4e82c9d58b,0.183948087,0.195050195,0000
683,001a,0010,e3b0c44298fc1c149afbf4c8996fb92427ae41e4649b934ca495991b7852b855,e3b0c44298fc1c149afbf4c8996fb92427ae41e4649b934ca495991b7852b855,46374ebc1a9f3a6c94d04ef1830033eef348e76dcb67980b7d342fb273462bef,943360a9a5818959e33aa851d0ac4831c347ca8ca4b98b4e7e95a6abb99fcb34,e010ed09d4baf4ac5efe240fbdd22264e7caf3784e7fd56d689fc430610e13cc,0d3eb13046a372114ff88ccf4c3705c1d86a0f99f77e3dd055114c14340c20d3,6ee8aa17edb3efab8f61907bda7e0860a39ea0401e93c1800527626781796c3e,055855db31045f84d9cd4b28324b5faea03b1b5c5e48341b6419bdbaa712dd7a,0.183840033,0.195041969,0000
684,001a,0010,e3b0c44298fc1c149afbf4c8996fb92427ae41e4649b934ca495991b7852b855,e3b0c44298fc1c149afbf4c8996fb92427ae41e4649b934ca495991b7852b855,4d0e1ed9499c583349db3688ead22fbe900db782ca3bc12267d4ffccdbcc06d6,943360a9a5818959e33aa851d0ac4831c347ca8ca4b98b4e7e95a6abb99fcb34,e010ed09d4baf4ac5efe240fbdd22264e7caf3784e7fd56d689fc430610e13cc,0d3eb13046a372114ff88ccf4c3705c1d86a0f99f77e3dd055114c14340c20d3,89cab227239a977bdc8d50705c99087e4fa36f9101c72178891717546ab103c9,338ac2e40263565921ab11340577adea6638b460ecfd03ac21ca9d872f67d4d0,0.183905236,0.195193008,0000
685,001a,0010,e3b0c44298fc1c149afbf4c8996fb92427ae41e4649b934ca495991b7852b855,e3b0c44298fc1c149afbf4c8996fb92427ae41e4649b934ca495991b7852b855,57be264a7c1cbfc27f3f5e66445b2f3cf62ba594ee2acd631dd1fc234b02ad25,943360a9a5818959e33aa851d0ac4831c347ca8ca4b98b4e7e95a6abb99fcb34,e010ed09d4baf4ac5efe240fbdd22264e7caf3784e7fd56d689fc430610e13cc,0d3eb13046a372114ff88ccf4c3705c1d86a0f99f77e3dd055114c14340c20d3,f5b4eb73bc818e32b8450d12c5d6dcdabd6c79a48c3117f7448709672da7728b,74307efabcf50e2987aed34a0ac73a63e76598cf2d386497cbdbb5ea2d517efd,0.184048472,0.194941663,0000
686,001a,0010,e3b0c44298fc1c149afbf4c8996fb92427ae41e4649b934ca495991b7852b855,e3b0c44298fc1c149afbf4c8996fb92427ae41e4649b934ca495991b7852b855,424858ceb2a001148f1a1f3efd2c57895aca0e47528acf683fdd3927e578ecfb,943360a9a5818959e33aa851d0ac4831c347ca8ca4b98b4e7e95a6abb99fcb34,e010ed09d4baf4ac5efe240fbdd22264e7caf3784e7fd56d689fc430610e13cc,0d3eb13046a372114ff88ccf4c3705c1d86a0f99f77e3dd055114c14340c20d3,d30f17ab9be0523f0a021c953bf93c247849e4ec26ab2858bb820687970a4761,b8b9d0df2f0ce654260b4e60b36ce9e6837d5acbdab2e0b93dbd906a64fc8e8e,0.182841260,0.195046853,0000
687,001a,0010,e3b0c44298fc1c149afbf4c8996fb92427ae41e4649b934ca495991b7852b855,e3b0c44298fc1c149afbf4c8996fb92427ae41e4649b934ca495991b7852b855,9359069fb684d34cb31d6d4c0bb7cccdf88ad46bbb4be90478946c0287525ff0,943360a9a5818959e33aa851d0ac4831c347ca8ca4b98b4e7e95a6abb99fcb34,e010ed09d4baf4ac5efe240fbdd22264e7caf3784e7fd56d689fc430610e13cc,0d3eb13046a372114ff88ccf4c3705c1d86a0f99f77e3dd055114c14340c20d3,15f22307cb945d5b1b948b0c39c134c024e417b38c354ca1d5f1d3be91138772,e00eac93dc7153be33191ccfbaf399e94a24b5129cda6f116e49c8d974e51560,0.183826683,0.196169014,0000
688,001a,0010,e3b0c44298fc1c149afbf4c8996fb92427ae41e4649b934ca495991b7852b855,e3b0c44298fc1c149afbf4c8996fb92427ae41e4649b934ca495991b7852b855,c41a38dafcbf0fd6b9363250555577de5f9d6662b56cc3be5cb7dd2653613630,943360a9a5818959e33aa851d0ac4831c347ca8ca4b98b4e7e95a6abb99fcb34,e010ed09d4baf4ac5efe240fbdd22264e7caf3784e7fd56d689fc430610e13cc,0d3eb13046a372114ff88ccf4c3705c1d86a0f99f77e3dd055114c14340c20d3,1db5d17a9ac0bcbc45480089a7a5ece70b4d251d4af48e90130aea90243b0765,dc8460e1761036c51005fb867be26760791a669e3cc2a152119c4c5c85b4e406,0.185944480,0.195044250,0000
689,001a,0010,e3b0c44298fc1c149afbf4c8996fb92427ae41e4649b934ca495991b7852b855,e3b0c44298fc1c149afbf4c8996fb92427ae41e4649b934ca495991b7852b855,b4ab93912dd26fbdb2af72434e0db05704a36edf023db07a00002ea40317dd13,943360a9a5818959e33aa851d0ac4831c347ca8ca4b98b4e7e95a6abb99fcb34,e010ed09d4baf4ac5efe240fbdd22264e7caf3784e7fd56d689fc430610e13cc,0d3eb13046a372114ff88ccf4c3705c1d86a0f99f77e3dd055114c14340c20d3,c3ec2abe57da54c19c0c37e81dc23c74524f421fa5d5f8a68ff28a1cb9626e6f,068e171a53e7ea491a037565e87ea6d133dff86c1fe4d8635776ca129452220b,0.183843540,0.195150046,0000
690,001a,0010,e3b0c44298fc1c149afbf4c8996fb92427ae41e4649b934ca495991b7852b855,e3b0c44298fc1c149afbf4c8996fb92427ae41e4649b934ca495991b7852b855,885cff0723d8bf16b6e8bfe74e7ea1650e882287414c2a1f38d610dc24915c42,943360a9a5818959e33aa851d0ac4831c347ca8ca4b98b4e7e95a6abb99fcb34,e010ed09d4baf4ac5efe240fbdd22264e7caf3784e7fd56d689fc430610e13cc,0d3eb13046a372114ff88ccf4c3705c1d86a0f99f77e3dd055114c14340c20d3,9925861b90e0e998c2301a2d4562c6c311c193b14043aaeb7733d408b45666a5,ea546e6f9f8fa768db4884460fe508166744955c705413e8dff23a85da1b1d21,0.183843411,0.196149136,0000
691,001a,0010,e3b0c44298fc1c149afbf4c8996fb92427ae41e4649b934ca495991b7852b855,e3b0c44298fc1c149afbf4c8996fb92427ae41e4649b934ca495991b7852b855,da121720cb3d94a71dac523e37762f63ecdc2493ad456715e476b4b66545b596,943360a9a5818959e33aa851d0ac4831c347ca8ca4b98b4e7e95a6abb99fcb34,e010ed09d4baf4ac5efe240fbdd22264e7caf3784e7fd56d689fc430610e13cc,0d3eb13046a372114ff88ccf4c3705c1d86a0f99f77e3dd055114c14340c20d3,19e5d6c57aa6977485c2b89e4d94d33a7e7ff267875052808a62c17312b8dd71,350cd7c565279b0af09c16141981edb058b268c28541e1586c3cc9d673219cf4,0.183949094,0.195150876,0000
692,001a,0010,e3b0c44298fc1c149afbf4c8996fb92427ae41e4649b934ca495991b7852b855,e3b0c44298fc1c149afbf4c8996fb92427ae41e4649b934ca495991b7852b855,0c1bf6edabb7c09cda12ebef607e4044448ff1d11814dc115252e8ec953cd3a9,943360a9a5818959e33aa851d0ac4831c347ca8ca4b98b4e7e95a6abb99fcb34,e010ed09d4baf4ac5efe240fbdd22264e7caf3784e7fd56d689fc430610e13cc,0d3eb13046a372114ff88ccf4c3705c1d86a0f99f77e3dd055114c14340c20d3,8a91e4b5acf470a4dc6ddb94bcabc4e5a39cc1baa8aef6cbc48220fcb40a7665,d37ec9f9b26693805d27c7336d6b695fdd09a5ff86b09007b21fb8d1b4217c5f,0.186818957,0.195073524,0000
693,001a,0010,e3b0c44298fc1c149afbf4c8996fb92427ae41e4649b934ca495991b7852b855,e3b0c44298fc1c149afbf4c8996fb92427ae41e4649b934ca495991b7852b855,f81ecc32c8149934daac8c483b37b239a34fd2234e402bdf8b7a811d247db0e6,943360a9a5818959e33aa851d0ac4831c347ca8ca4b98b4e7e95a6abb99fcb34,e010ed09d4baf4ac5efe240fbdd22264e7caf3784e7fd56d689fc430610e13cc,0d3eb13046a372114ff88ccf4c3705c1d86a0f99f77e3dd055114c14340c20d3,d575e477785765c61767a067d9ae4bd02de59a228707b5165e52d72bf1024af5,286bb8c79d992c4c36973b8de1b7eeba0c5eb1bbeeb4d1f3defe50463b21bd2e,0.183840584,0.195142056,0000
694,001a,0010,e3b0c44298fc1c149afbf4c8996fb92427ae41e4649b934ca495991b7852b855,e3b0c44298fc1c149afbf4c8996fb92427ae41e4649b934ca495991b7852b855,5a71e620e2cac2bbc7c9f93eb18ee99d19b2ac0ee30605bb699a356b5d6402eb,943360a9a5818959e33aa851d0ac4831c347ca8ca4b98b4e7e95a6abb99fcb34,e010ed09d4baf4ac5efe240fbdd22264e7caf3784e7fd56d689fc430610e13cc,0d3eb13046a372114ff88ccf4c3705c1d86a0f99f77e3dd055114c14340c20d3,21fef50084703cd9dc22c880113c9e2dca70bc1066d23ea7f08ce22db74db10c,2fd549ce174d57316a00ab884cd30d72a46550d29b556d81dd4bf3b2c704ac08,0.186686852,0.196188126,0000
695,001a,0010,e3b0c44298fc1c149afbf4c8996fb92427ae41e4649b934ca495991b7852b855,e3b0c44298fc1c149afbf4c8996fb92427ae41e4649b934ca495991b7852b855,c48fcac155cbb217785f4814930b106ef72177df5c29f735ff6d59a010808fab,943360a9a5818959e33aa851d0ac4831c347ca8ca4b98b4e7e95a6abb99fcb34,e010ed09d4baf4ac5efe240fbdd22264e7caf3784e7fd56d689fc430610e13cc,0d3eb13046a372114ff88ccf4c3705c1d86a0f99f77e3dd055114c14340c20d3,2c756cc11b3e6993549f532cfc7540752827243f38032958b7ec875333d45c43,0ec6a5bd014df729ed096606d7773323293262438632be58a5939f2eff44b301,0.183951593,0.196269920,0000
696,001a,0010,e3b0c44298fc1c149afbf4c8996fb92427ae41e4649b934ca495991b7852b855,e3b0c44298fc1c149afbf4c8996fb92427ae41e4649b934ca495991b7852b855,1cc0cf1156edae0aae48d7c30016b1ab03efef77ab64915adbdba87e9d0c858d,943360a9a5818959e33aa851d0ac4831c347ca8ca4b98b4e7e95a6abb99fcb34,e010ed09d4baf4ac5efe240fbdd22264e7caf3784e7fd56d689fc430610e13cc,0d3eb13046a372114ff88ccf4c3705c1d86a0f99f77e3dd055114c14340c20d3,992666ac2585ff0cec621926c0028ed13e5ba3698138ce2dce22ced12ae9b469,4774d150c44187d6f08976e592e8bd26e640534f427e74fc0f27b868fce2ce14,0.186489677,0.195435393,0000
697,001a,0010,e3b0c44298fc1c149afbf4c8996fb92427ae41e4649b934ca495991b7852b855,e3b0c44298fc1c149afbf4c8996fb92427ae41e4649b934ca495991b7852b855,e7db24226e12fc8f168174ad617d6ca95b78e501a0e95b782f8c97e97510a7f7,943360a9a5818959e33aa851d0ac4831c347ca8ca4b98b4e7e95a6abb99fcb34,e010ed09d4baf4ac5efe240fbdd22264e7caf3784e7fd56d689fc430610e13cc,0d3eb13046a372114ff88ccf4c3705c1d86a0f99f77e3dd055114c14340c20d3,e4446ce9b1159ce2ec1afef23de6ade9319220cb6906425c872db2e3c9a3f596,1bf7af8c9d640180dfc325ff4761757d23bb6d759595052950226d89c2222007,0.183846799,0.196106069,0000
698,001a,0010,e3b0c44298fc1c149afbf4c8996fb92427ae41e4649b934ca495991b7852b855,e3b0c44298fc1c149afbf4c8996fb92427ae41e4649b934ca495991b7852b855,8e9197c093c20c18b62f7476b0478bea7e08d7eb8c410449859bf15e9779aaa7,943360a9a5818959e33aa851d0ac4831c347ca8ca4b98b4e7e95a6abb99fcb34,e010ed09d4baf4ac5efe240fbdd22264e7caf3784e7fd56d689fc430610e13cc,0d3eb13046a372114ff88ccf4c3705c1d86a0f99f77e3dd055114c14340c20d3,8f5435bf3ff791bb69fe055957d2d59b5838e62363af8eaae877ca4ecf25dd5e,b8e525b0eb5d43deffada0ad29a2d063fcc4db8cf55936926f61cb1080edc3c3,0.184087514,0.195043785,0000
699,001a,0010,e3b0c44298fc1c149afbf4c8996fb92427ae41e4649b934ca495991b7852b855,e3b0c44298fc1c149afbf4c8996fb92427ae41e4649b934ca495991b7852b855,dff88b9b77b9526a1d5665993fb3e11539bc7c55479dfaf4290d50243ef68201,943360a9a5818959e33aa851d0ac4831c347ca8ca4b98b4e7e95a6abb99fcb34,e010ed09d4baf4ac5efe240fbdd22264e7caf3784e7fd56d689fc430610e13cc,0d3eb13046a372114ff88ccf4c3705c1d86a0f99f77e3dd055114c14340c20d3,30b2c69dba7a612e97dce8d61570d78516dc38fad906741baf61f2f3916a54f7,f51719727229e741940e567d0eeb20332048bb99529b1d503df33cce6192173d,0.184007001,0.194969706,0000
700,001a,0010,e3b0c44298fc1c149afbf4c8996fb92427ae41e4649b934ca495991b7852b855,e3b0c44298fc1c149afbf4c8996fb92427ae41e4649b934ca495991b7852b855,8d851175ed277fc8721691dba0130768e5e02b0e824cf655b2bb092f278a74ea,943360a9a5818959e33aa851d0ac4831c347ca8ca4b98b4e7e95a6abb99fcb34,e010ed09d4baf4ac5efe240fbdd22264e7caf3784e7fd56d689fc430610e13cc,0d3eb13046a372114ff88ccf4c3705c1d86a0f99f77e3dd055114c14340c20d3,9eb2318c587c44ea067c009441f7b16cd8595056a63b480b310ae58ca3d0ffe1,474bff539bbf87345c5b77bc1e756b6fe06cff8c6029320362b996fe9434f1e6,0.183836992,0.195031729,0000
701,001a,0010,e3b0c44298fc1c149afbf4c8996fb92427ae41e4649b934ca495991b7852b855,e3b0c44298fc1c149afbf4c8996fb92427ae41e4649b934ca495991b7852b855,8399b2ce2d30dc1efe2be671c2e3bd295f43c3a9ad1cb518730ecc585d454695,943360a9a5818959e33aa851d0ac4831c347ca8ca4b98b4e7e95a6abb99fcb34,e010ed09d4baf4ac5efe240fbdd22264e7caf3784e7fd56d689fc430610e13cc,0d3eb13046a372114ff88ccf4c3705c1d86a0f99f77e3dd055114c14340c20d3,a1907747260ec577cedc490736afbdabea3a057d2c33eeb2a25ab43cd875d6bc,561a0c469118c2e5d46c0135a44452906ab9f2f9e645390bb45f88e708190700,0.184044695,0.195043063,0000
702,001a,0010,e3b0c44298fc1c149afbf4c8996fb92427ae41e4649b934ca495991b7852b855,e3b0c44298fc1c149afbf4c8996fb92427ae41e4649b934ca495991b7852b855,7d0d3d5273f9009513bd11fcf4cff61a8ea971774d2fd1df2851088c60a0327f,943360a9a5818959e33aa851d0ac4831c347ca8ca4b98b4e7e95a6abb99fcb34,e010ed09d4baf4ac5efe240fbdd22264e7caf3784e7fd56d689fc430610e13cc,0d3eb13046a372114ff88ccf4c3705c1d86a0f99f77e3dd055114c14340c20d3,3a5ef17eeb25ad33e439d781334cbfe4d81d3d6f30d9210522c65f4fd2dea643,69f584c9eda58f78fca949875543294db8d92490809de52aa279a60f589e9ee3,0.183935952,0.195059279,0000
703,001a,0010,e3b0c44298fc1c149afbf4c8996fb92427ae41e4649b934ca495991b7852b855,e3b0c44298fc1c149afbf4c8996fb92427ae41e4649b934ca495991b7852b855,14a557c041feca02034dc7b485cf7dbf636c9864c2898f494c5b050d3ff15207,943360a9a5818959e33aa851d0ac4831c347ca8ca4b98b4e7e95a6abb99fcb34,e010ed09d4baf4ac5efe240fbdd22264e7caf3784e7fd56d689fc430610e13cc,0d3eb13046a372114ff88ccf4c3705c1d86a0f99f77e3dd055114c14340c20d3,a5424ac0c0ea34ba0ccaf4fd57496892d6ad10139cf895cd81e3693ee0a4bb19,95ce0636e25f07311d64c9e8c48f404b81bb33b26f1d08b670756fdad8676dde,0.183844317,0.195044605,0000
704,001a,0010,e3b0c44298fc1c149afbf4c8996fb92427ae41e4649b934ca495991b7852b855,e3b0c44298fc1c149afbf4c8996fb92427ae41e4649b934ca495991b7852b855,531e5d003b2c4ba1a5706a223222b41c833af9a1ddd1763e44dabbeb7833b159,943360a9a5818959e33aa851d0ac4831c347ca8ca4b98b4e7e95a6abb99fcb34,e010ed09d4baf4ac5efe240fbdd22264e7caf3784e7fd56d689fc430610e13cc,0d3eb13046a372114ff88ccf4c3705c1d86a0f99f77e3dd055114c14340c20d3,e5eda14f5b6286e7a7edb1fa439eab4f3ee407aa351ff3c7eb46f22ad4a082ba,21aa6b465ad80eab973a084561eab15a40125fb23653930fb0723bd4068eb29b,0.183950908,0.194149351,0000
705,001a,0010,e3b0c44298fc1c149afbf4c8996fb92427ae41e4649b934ca495991b7852b855,e3b0c44298fc1c149afbf4c8996fb92427ae41e4649b934ca495991b7852b855,5703a7c8cf62a55d5ed35ff45fc58f48991b53aadd431d7addf776dae328666d,943360a9a5818959e33aa851d0ac4831c347ca8ca4b98b4e7e95a6abb99fcb34,e010ed09d4baf4ac5efe240fbdd22264e7caf3784e7fd56d689fc430610e13cc,0d3eb13046a372114ff88ccf4c3705c1d86a0f99f77e3dd055114c14340c20d3,a8fdef0a4b93819554ea629a8a5aa43d1973d99911fe4722a18d1de3d1d784d7,0facd38150990ce671fc735e16488cd684480f07b54d1bc9cc4510d96ade0ef6,0.185965532,0.194937508,0000
706,001a,0010,e3b0c44298fc1c149afbf4c8996fb92427ae41e4649b934ca495991b7852b855,e3b0c44298fc1c149afbf4c8996fb92427ae41e4649b934ca495991b7852b855,b3294cf6e98367488571ebb767eb2f69e21fa0e417549e6c9a508a8ebee63d34,943360a9a5818959e33aa851d0ac4831c347ca8ca4b98b4e7e95a6abb99fcb34,e010ed09d4baf4ac5efe240fbdd22264e7caf3784e7fd56d689fc430610e13cc,0d3eb13046a372114ff88ccf4c3705c1d86a0f99f77e3dd055114c14340c20d3,db719423ea51c505bd1c4f8ee5b3b90797a2aa2cb22d5422e1bd0e1d0c54c4c8,7b50677fa7eddee2b48ed66a0ea5d92f8bc1eb60e348e00dc956b11b4427a355,0.184011192,0.196066152,0000
707,001a,0010,e3b0c44298fc1c149afbf4c8996fb92427ae41e4649b934ca495991b7852b855,e3b0c44298fc1c149afbf4c8996fb92427ae41e4649b934ca495991b7852b855,a60e8766808810fae082a2362321e518410c562e6f8bd4955faa75bf196485bc,943360a9a5818959e33aa851d0ac4831c347ca8ca4b98b4e7e95a6abb99fcb34,e010ed09d4baf4ac5efe240fbdd22264e7caf3784e7fd56d689fc430610e13cc,0d3eb13046a372114ff88ccf4c3705c1d86a0f99f77e3dd055114c14340c20d3,6e3c8171de314c8a7374b2a4a7589b8f5657ba2357c5b69c9c3306cec8d31eb0,c82f84241d4e751484de7dc69de253e90c51aaeda9853cb30188b4387861e817,0.183719377,0.195048974,0000
708,001a,0010,e3b0c44298fc1c149afbf4c8996fb92427ae41e4649b934ca495991b7852b855,e3b0c44298fc1c149afbf4c8996fb92427ae41e4649b934ca495991b7852b855,f70361774a1ceb8251d45c5c3f5f8f3b49ac4e9de1a93a9e49b4f1ab1365a32b,943360a9a5818959e33aa851d0ac4831c347ca8ca4b98b4e7e95a6abb99fcb34,e010ed09d4baf4ac5efe240fbdd22264e7caf3784e7fd56d689fc430610e13cc,0d3eb13046a372114ff88ccf4c3705c1d86a0f99f77e3dd055114c14340c20d3,fc92b12bf64dece81babff4575b2f2e8a527bdf7faf4eba71d56f13b38deb3c8,b4ac3eb0ca1bef14a4c04816a9abe7572c22b6b659c785129bc41b5f9904f89e,0.183743021,0.196268226,0000
709,001a,0010,e3b0c44298fc1c149afbf4c8996fb92427ae41e4649b934ca495991b7852b855,e3b0c44298fc1c149afbf4c8996fb92427ae41e4649b934ca495991b7852b855,b02582006df25af63482f19ac6da9d1b48c519e868e383afb622643e7c70d6a6,943360a9a5818959e33aa851d0ac4831c347ca8ca4b98b4e7e95a6abb99fcb34,e010ed09d4baf4ac5efe240fbdd22264e7caf3784e7fd56d689fc430610e13cc,0d3eb13046a372114ff88ccf4c3705c1d86a0f99f77e3dd055114c14340c20d3,48d6ffca6e8c73b25db322d35e3b24bb5929d3c1b145f55f0382dd6db9930ab1,e21166fccf2a6fee9ebbe6e8d263185d24c9b7b23d4397e7a45c0f198b0c375b,0.184058930,0.196145854,0000
710,001a,0010,e3b0c44298fc1c149afbf4c8996fb92427ae41e4649b934ca495991b7852b855,e3b0c44298fc1c149afbf4c8996fb92427ae41e4649b934ca495991b7852b855,ee8b54cbaddedcc434ab2d7d596bdb3ddcb47777bf9f3e4b67926f8ae587287c,943360a9a5818959e33aa851d0ac4831c347ca8ca4b98b4e7e95a6abb99fcb34,e010ed09d4baf4ac5efe240fbdd22264e7caf3784e7fd56d689fc430610e13cc,0d3eb13046a372114ff88ccf4c3705c1d86a0f99f77e3dd055114c14340c20d3,031e9f3ffd85288d229634fe42782a4bb332ae0202e88f4b14458fad7a5410e5,f5d9c8bd59b972a227c75edec481467050bc710fd8a0d3f8f9a90e9dda61bdb2,0.184020865,0.194962597,0000
711,001a,0010,e3b0c44298fc1c149afbf4c8996fb92427ae41e4649b934ca495991b7852b855,e3b0c44298fc1c149afbf4c8996fb92427ae41e4649b934ca495991b7852b855,a476a5d15b1a0f9a36537877553f9f61ff877f784888ce26c8dc2190becd791f,943360a9a5818959e33aa851d0ac4831c347ca8ca4b98b4e7e95a6abb99fcb34,e010ed09d4baf4ac5efe240fbdd22264e7caf3784e7fd56d689fc430610e13cc,0d3eb13046a372114ff88ccf4c3705c1d86a0f99f77e3dd055114c14340c20d3,8ee8905bcfe5d62ca40b665ecc91d50efb8585de2c0826ba24a2b044be55d287,04058d1536a0b7c89387e9a9665df3ec7def8677dd76132bf9aef48fac3d65c9,0.183923436,0.195001426,0000
712,001a,0010,e3b0c44298fc1c149afbf4c8996fb92427ae41e4649b934ca495991b7852b855,e3b0c44298fc1c149afbf4c8996fb92427ae41e4649b934ca495991b7852b855,345cd3f2fc160d9bb269bdf5353f4e042a11b8930b353305941de5628acaa67d,943360a9a5818959e33aa851d0ac4831c347ca8ca4b98b4e7e95a6abb99fcb34,e010ed09d4baf4ac5efe240fbdd22264e7caf3784e7fd56d689fc430610e13cc,0d3eb13046a372114ff88ccf4c3705c1d86a0f99f77e3dd055114c14340c20d3,bcf14b38ca613359a37fb4ef251bfbb1b04c1d8a1056275d7d213dec269ec43e,3bdaf0c3fdda976694c296bed78b95fc2dd3bbb030b9ebc1cc72d9fdef36bf5e,0.186171362,0.194889961,0000
713,001a,0010,e3b0c44298fc1c149afbf4c8996fb92427ae41e4649b934ca495991b7852b855,e3b0c44298fc1c149afbf4c8996fb92427ae41e4649b934ca495991b7852b855,6844c34934d4668d473a366b8efb3c44d89ea744d709d769432a9e7087a13d5b,943360a9a5818959e33aa851d0ac4831c347ca8ca4b98b4e7e95a6abb99fcb34,e010ed09d4baf4ac5efe240fbdd22264e7caf3784e7fd56d689fc430610e13cc,0d3eb13046a372114ff88ccf4c3705c1d86a0f99f77e3dd055114c14340c20d3,5c35a3e982a3b673585ab88582cf96c35521bba9182881f33d6d22baab617e38,ab500224719bd1108466e526cb8252dbe1137959ca0cf141b463a9daf876bfa5,0.185945780,0.194943485,0000
714,001a,0010,e3b0c44298fc1c149afbf4c8996fb92427ae41e4649b934ca495991b7852b855,e3b0c44298fc1c149afbf4c8996fb92427ae41e4649b934ca495991b7852b855,7eebf550b8845a74b35d9132c270eb58ac4190146594e4eaf73b9d1d2c869269,943360a9a5818959e33aa851d0ac4831c347ca8ca4b98b4e7e95a6abb99fcb34,e010ed09d4baf4ac5efe240fbdd22264e7caf3784e7fd56d689fc430610e13cc,0d3eb13046a372114ff88ccf4c3705c1d86a0f99f77e3dd055114c14340c20d3,0d1b2ab124d3a668d1bf7d8f06bbe060776f28194fd609a6e54bda51ee874e47,1fa04c691ea2f20a5945841e3eb8cadb65ad3fdecf8d745a69385c0e08f33318,0.183945427,0.195151059,0000
715,001a,0010,e3b0c44298fc1c149afbf4c8996fb92427ae41e4649b934ca495991b7852b855,e3b0c44298fc1c149afbf4c8996fb92427ae41e4649b934ca495991b7852b855,4dda91ac7981951a980c0fca1ab04cadb7b4ae10f98401611dd058ee1174e1a2,943360a9a5818959e33aa851d0ac4831c347ca8ca4b98b4e7e95a6abb99fcb34,e010ed09d4baf4ac5efe240fbdd22264e7caf3784e7fd56d689fc430610e13cc,0d3eb13046a372114ff88ccf4c3705c1d86a0f99f77e3dd055114c14340c20d3,b9061aac45cd26b85bf6516be8f245c7af13deaa44ab207ac3273ad423a9c84c,92de7f01a6d8f18eefcb29e9e5b53e786381587dae3808a1de37141efa3b780e,0.183875469,0.195035667,0000
716,001a,0010,e3b0c44298fc1c149afbf4c8996fb92427ae41e4649b934ca495991b7852b855,e3b0c44298fc1c149afbf4c8996fb92427ae41e4649b934ca495991b7852b855,03f843312c7aea90eedd759ca5156baa510b23d4d957c8aed811250da2b56425,943360a9a5818959e33aa851d0ac4831c347ca8ca4b98b4e7e95a6abb99fcb34,e010ed09d4baf4ac5efe240fbdd22264e7caf3784e7fd56d689fc430610e13cc,0d3eb13046a372114ff88ccf4c3705c1d86a0f99f77e3dd055114c14340c20d3,af12ff9cb46ea0437175350dff1345e5715147fbae04e31052bd6c65c7942076,f87208be0993d20bda932d2ec74d4e35bce19b37b45c374e7940cfdf6521e1d3,0.183843995,0.196125416,0000
717,001a,0010,e3b0c44298fc1c149afbf4c8996fb92427ae41e4649b934ca495991b7852b855,e3b0c44298fc1c149afbf4c8996fb92427ae41e4649b934ca495991b7852b855,e607d1878737eb272be239ce0077c0f956e582e4e423def732264ffe2b6fc19c,943360a9a5818959e33aa851d0ac4831c347ca8ca4b98b4e7e95a6abb99fcb34,e010ed09d4baf4ac5efe240fbdd22264e7caf3784e7fd56d689fc430610e13cc,0d3eb13046a372114ff88ccf4c3705c1d86a0f99f77e3dd055114c14340c20d3,f5de720eba66e324248c6e7ef533f0efa232f59bd73673d35b46a3200ce206be,a6d1365840c37404b8b371c765eb706ea794aff08d9e8d19dec26665e4a43909,0.186049013,0.195047858,0000
718,001a,0010,e3b0c44298fc1c149afbf4c8996fb92427ae41e4649b934ca495991b7852b855,e3b0c44298fc1c149afbf4c8996fb92427ae41e4649b934ca495991b7852b855,075565296e49a74aac31a0cca0148a55e6aba89035f095f33139c996bd02f95e,943360a9a5818959e33aa851d0ac4831c347ca8ca4b98b4e7e95a6abb99fcb34,e010ed09d4baf4ac5efe240fbdd22264e7caf3784e7fd56d689fc430610e13cc,0d3eb13046a372114ff88ccf4c3705c1d86a0f99f77e3dd055114c14340c20d3,e482cfce20561427122665c382652c4dc32f9ff982c306b5a4259fba95efc266,6ae78c91fe4b0f783b52d2da04794f84b9833739fd38e15e89a5dadbc7621d9d,0.183839539,0.195044720,0000
719,001a,0010,e3b0c44298fc1c149afbf4c8996fb92427ae41e4649b934ca495991b7852b855,e3b0c44298fc1c149afbf4c8996fb92427ae41e4649b934ca495991b7852b855,628482b6bc36ef75d6094dacc96bfe38f243fee23d2db953ffed14d5ec237f54,943360a9a5818959e33aa851d0ac4831c347ca8ca4b98b4e7e95a6abb99fcb34,e010ed09d4baf4ac5efe240fbdd22264e7caf3784e7fd56d689fc430610e13cc,0d3eb13046a372114ff88ccf4c3705c1d86a0f99f77e3dd055114c14340c20d3,b23285fe414437e56890b3ebf729fa02e46a0b0234e1d2633a4510a964b2a53f,45cd3ca4ad58709f99f2a40e983d724d0e38950273c691c52c7d8ca50ec4e431,0.183864995,0.195152787,0000
720,001a,0010,e3b0c44298fc1c149afbf4c8996fb92427ae41e4649b934ca495991b7852b855,e3b0c44298fc1c149afbf4c8996fb92427ae41e4649b934ca495991b7852b855,ca996dd81052e6d3b0de19a92dc4a9fe1a57c5550d3dc45c324fb7945621ad62,943360a9a5818959e33aa851d0ac4831c347ca8ca4b98b4e7e95a6abb99fcb34,e010ed09d4baf4ac5efe240fbdd22264e7caf3784e7fd56d689fc430610e13cc,0d3eb13046a372114ff88ccf4c3705c1d86a0f99f77e3dd055114c14340c20d3,7ed7e7b2e46f73d1c5967fe01341ca46c0abc63acb5a036a352497437fd35bb9,026527d766b1352519c119e7f6c8a5d8a8e2e2066225e8541e4795ef7358f76a,0.185944816,0.195023578,0000
721,001a,0010,e3b0c44298fc1c149afbf4c8996fb92427ae41e4649b934ca495991b7852b855,e3b0c44298fc1c149afbf4c8996fb92427ae41e4649b934ca495991b7852b855,5bde484077c306b5e3d64a11744df9f53a2c1cb5c979dc4cd46ad37a18fb5f41,943360a9a5818959e33aa851d0ac4831c347ca8ca4b98b4e7e95a6abb99fcb34,e010ed09d4baf4ac5efe240fbdd22264e7caf3784e7fd56d689fc430610e13cc,0d3eb13046a372114ff88ccf4c3705c1d86a0f99f77e3dd055114c14340c20d3,aacdebae7cfbb4bc254eb0ac821df50513ef4c76d180c38ed6c0dde80bcfb89e,ecaa190071299aaf21d77f04bb95603fd829692d6dd2111f86312f4ed8392473,0.183914381,0.195181476,0000
722,001a,0010,e3b0c44298fc1c149afbf4c8996fb92427ae41e4649b934ca495991b7852b855,e3b0c44298fc1c149afbf4c8996fb92427ae41e4649b934ca495991b7852b855,38a8bc12a7df8bd67d04b91a48c1885eda2acf964ee2b7adb4db726c236eee17,943360a9a5818959e33aa851d0ac4831c347ca8ca4b98b4e7e95a6abb99fcb34,e010ed09d4baf4ac5efe240fbdd22264e7caf3784e7fd56d689fc430610e13cc,0d3eb13046a372114ff88ccf4c3705c1d86a0f99f77e3dd055114c14340c20d3,f1755ff9d27190fd630aecaed85c58dfaa1561daf017b776aab7fb35b4b5311b,c4a50da9e61010d6bda5df2ff28219987110901d21775beb06357594036e9785,0.183947637,0.194944560,0000
723,001a,0010,e3b0c44298fc1c149afbf4c8996fb92427ae41e4649b934ca495991b7852b855,e3b0c44298fc1c149afbf4c8996fb92427ae41e4649b934ca495991b7852b855,b28501e80981079ac9dfd9bfc62fdecfa56b70f843b463a9e49acc5460f7847e,943360a9a5818959e33aa851d0ac4831c347ca8ca4b98b4e7e95a6abb99fcb34,e010ed09d4baf4ac5efe240fbdd22264e7caf3784e7fd56d689fc430610e13cc,0d3eb13046a372114ff88ccf4c3705c1d86a0f99f77e3dd055114c14340c20d3,2e597a5f64758311cb560099f72335cd9e6373cf81cde66d0d0749f7be5000a3,c38009677ea2c867782e79a5c71aedc7cfb8850140d59b0ea396b35a590da643,0.183840919,0.196149070,0000
724,001a,0010,e3b0c44298fc1c149afbf4c8996fb92427ae41e4649b934ca495991b7852b855,e3b0c44298fc1c149afbf4c8996fb92427ae41e4649b934ca495991b7852b855,cd34fb8defc8dc1c621ed860c53eb63d01f514c8d1ef4280fc8aac41c74b08aa,943360a9a5818959e33aa851d0ac4831c347ca8ca4b98b4e7e95a6abb99fcb34,e010ed09d4baf4ac5efe240fbdd22264e7caf3784e7fd56d689fc430610e13cc,0d3eb13046a372114ff88ccf4c3705c1d86a0f99f77e3dd055114c14340c20d3,010bda02b9e6eb3b3614751000da706693f8a5f20e578bed9078437c7904b964,2fb1f9561a61f84329742df3d5fa5bf86c75a80ca9c355029370dd92dd0291a7,0.183723751,0.196147486,0000
725,001a,0010,e3b0c44298fc1c149afbf4c8996fb92427ae41e4649b934ca495991b7852b855,e3b0c44298fc1c149afbf4c8996fb92427ae41e4649b934ca495991b7852b855,f0cc4414d1f65fe84af0dd6ab3005d6f48750de6a547febec6eb62f81ebb7e1e,943360a9a5818959e33aa851d0ac4831c347ca8ca4b98b4e7e95a6abb99fcb34,e010ed09d4baf4ac5efe240fbdd22264e7caf3784e7fd56d689fc430610e13cc,0d3eb13046a372114ff88ccf4c3705c1d86a0f99f77e3dd055114c14340c20d3,537a9c1637f6e0c5b8131ac02ef1bdc5aa4099b5dc31de9260f43357ca5e44bb,fadc0c24e9e1c5cc4fd6e01b59f325882635bbbd021b71de403e081246de8e78,0.184051177,0.196164782,0000
726,001a,0010,e3b0c44298fc1c149afbf4c8996fb92427ae41e4649b934ca495991b7852b855,e3b0c44298fc1c149afbf4c8996fb92427ae41e4649b934ca495991b7852b855,c55ae48f3fa02c9895442101e5aa31ee45ad6619d1388aeef284481c429fb186,943360a9a5818959e33aa851d0ac4831c347ca8ca4b98b4e7e95a6abb99fcb34,e010ed09d4baf4ac5efe240fbdd22264e7caf3784e7fd56d689fc430610e13cc,0d3eb13046a372114ff88ccf4c3705c1d86a0f99f77e3dd055114c14340c20d3,d0fb3e38085d946abeb287e82a0789d37482fc6a9473c7710d81fc169327df3f,e440737a160923bad608479497f65fbc5ba46876d17a1d6b65c1b345e1e0fbac,0.185853639,0.194976373,0000
727,001a,0010,e3b0c44298fc1c149afbf4c8996fb92427ae41e4649b934ca495991b7852b855,e3b0c44298fc1c149afbf4c8996fb92427ae41e4649b934ca495991b7852b855,2c293aa6b137339243fbae19d317492b798bd6df68179da8ec8303baf49e2a96,943360a9a5818959e33aa851d0ac4831c347ca8ca4b98b4e7e95a6abb99fcb34,e010ed09d4baf4ac5efe240fbdd22264e7caf3784e7fd56d689fc430610e13cc,0d3eb13046a372114ff88ccf4c3705c1d86a0f99f77e3dd055114c14340c20d3,c2ece184c4511b8565ff445ec3feacd5367b80e9f6ab444b76c9d0a1e99df539,017dfab0384b96adfadd79992cb11a5ae27e7187abb6e090d83d4a71fe4182bb,0.184024035,0.196129187,0000
728,001a,0010,e3b0c44298fc1c149afbf4c8996fb92427ae41e4649b934ca495991b7852b855,e3b0c44298fc1c149afbf4c8996fb92427ae41e4649b934ca495991b7852b855,4c4f52e0422e8feaa8698458a6c70bb7f14d6b82bcc3b6c38c5159bd060b4c06,943360a9a5818959e33aa851d0ac4831c347ca8ca4b98b4e7e95a6abb99fcb34,e010ed09d4baf4ac5efe240fbdd22264e7caf3784e7fd56d689fc430610e13cc,0d3eb13046a372114ff88ccf4c3705c1d86a0f99f77e3dd055114c14340c20d3,cf0f9892f5a0671819e82172114def55955bd99e5482ec8157a14305cc1fc025,ba75405cba970efa83bfc361edf7cf20dcf9b94926d9cc9b47de89c397fc8601,0.183718570,0.195052739,0000
729,001a,0010,e3b0c44298fc1c149afbf4c8996fb92427ae41e4649b934ca495991b7852b855,e3b0c44298fc1c149afbf4c8996fb92427ae41e4649b934ca495991b7852b855,292e373d5fcb862d8d56b1a48706f7dbf0ea31bd403db2d0f551fd12dbd48637,943360a9a5818959e33aa851d0ac4831c347ca8ca4b98b4e7e95a6abb99fcb34,e010ed09d4baf4ac5efe240fbdd22264e7caf3784e7fd56d689fc430610e13cc,0d3eb13046a372114ff88ccf4c3705c1d86a0f99f77e3dd055114c14340c20d3,ca4004c84bec364a8417acd540d8726133c446d803c26d2e2787a66834f67105,155b4e15e456d75dffff1c93f50c29a90843f67bcee9aaebc8997fef0ab85399,0.183722067,0.196273224,0000
730,001a,0010,e3b0c44298fc1c149afbf4c8996fb92427ae41e4649b934ca495991b7852b855,e3b0c44298fc1c149afbf4c8996fb92427ae41e4649b934ca495991b7852b855,8dec9c18398caa6e4c3da3119051e2c01108ae7a287336c71cc7bdf4499920f9,943360a9a5818959e33aa851d0ac4831c347ca8ca4b98b4e7e95a6abb99fcb34,e010ed09d4baf4ac5efe240fbdd22264e7caf3784e7fd56d689fc430610e13cc,0d3eb13046a372114ff88ccf4c3705c1d86a0f99f77e3dd055114c14340c20d3,2aad7a491fe533ad39dfab8a002b36a02c16493e0b1160ba364ddba41d3af3c3,36a313741e52a71db080735109603a71f4943d4632f799ff0220d2503f75be4e,0.184013163,0.196200107,0000
731,001a,0010,e3b0c44298fc1c149afbf4c8996fb92427ae41e4649b934ca495991b7852b855,e3b0c44298fc1c149afbf4c8996fb92427ae41e4649b934ca495991b7852b855,f6812e7efa84de33936276ffd8e499b37b8a8880863c434679a33a4bffca3982,943360a9a5818959e33aa851d0ac4831c347ca8ca4b98b4e7e95a6abb99fcb34,e010ed09d4baf4ac5efe240fbdd22264e7caf3784e7fd56d689fc430610e13cc,0d3eb13046a372114ff88ccf4c3705c1d86a0f99f77e3dd055114c14340c20d3,ac269731db88202816f3231de1a79cc8bda4d9c35e4d5ade9e810ea7079c11f5,e769ac610c7db153d82425532961cdce36be5b613df52488af258ffcf7019358,0.183030862,0.194856675,0000
732,001a,0010,e3b0c44298fc1c149afbf4c8996fb92427ae41e4649b934ca495991b7852b855,e3b0c44298fc1c149afbf4c8996fb92427ae41e4649b934ca495991b7852b855,22c18032b7cf86c9906aaa04d3c4e7bb905ed87157670f310b78f1fd87f5770d,943360a9a5818959e33aa851d0ac4831c347ca8ca4b98b4e7e95a6abb99fcb34,e010ed09d4baf4ac5efe240fbdd22264e7caf3784e7fd56d689fc430610e13cc,0d3eb13046a372114ff88ccf4c3705c1d86a0f99f77e3dd055114c14340c20d3,ba937d2ab5faf2aa39aa82a8e971d604acb664ea2a6e22e259a7c49ebd7ad4f6,8fe676a0df02ad2e40b6805aee30e73aaf461b9806c00da360a3eea044ff0fbd,0.183944722,0.196152205,0000
733,001a,0010,e3b0c44298fc1c149afbf4c8996fb92427ae41e4649b934ca495991b7852b855,e3b0c44298fc1c149afbf4c8996fb92427ae41e4649b934ca495991b7852b855,6f8c4e9167138ff6d3b17799289711d5c1130d43516519d2abb74415d56a5c92,943360a9a5818959e33aa851d0ac4831c347ca8ca4b98b4e7e95a6abb99fcb34,e010ed09d4baf4ac5efe240fbdd22264e7caf3784e7fd56d689fc430610e13cc,0d3eb13046a372114ff88ccf4c3705c1d86a0f99f77e3dd055114c14340c20d3,ab61fba518c0dc438cb11660d27b2e9613edbff2091e78a1b7bc3ba6e9d42a3f,59533d80f71dd4f383b809f630629bc43e1fc5e03d6a5062db265b858ee34c18,0.186047312,0.194944443,0000
734,001a,0010,e3b0c44298fc1c149afbf4c8996fb92427ae41e4649b934ca495991b7852b855,e3b0c44298fc1c149afbf4c8996fb92427ae41e4649b934ca495991b7852b855,7df315dc2b8851d120f1fd6ae93f9227a4e3f2ecc3cade7abc19954b7bb4d34b,943360a9a5818959e33aa851d0ac4831c347ca8ca4b98b4e7e95a6abb99fcb34,e010ed09d4baf4ac5efe240fbdd22264e7caf3784e7fd56d689fc430610e13cc,0d3eb13046a372114ff88ccf4c3705c1d86a0f99f77e3dd055114c14340c20d3,7802a91318b7ee2abf6fa5aba2973310268d56c0e2e91986de01742fb6907148,29aad6fe76396683b0672b98f76ea7b6640671d128857a55cd6d10e1817a8fa5,0.185938912,0.194949152,0000
735,001a,0010,e3b0c44298fc1c149afbf4c8996fb92427ae41e4649b934ca495991b7852b855,e3b0c44298fc1c149afbf4c8996fb92427ae41e4649b934ca495991b7852b855,b2996591b0dd7455d0431014ee5fc8537189838c237ce6d20e2117eea3e48f3e,943360a9a5818959e33aa851d0ac4831c347ca8ca4b98b4e7e95a6abb99fcb34,e010ed09d4baf4ac5efe240fbdd22264e7caf3784e7fd56d689fc430610e13cc,0d3eb13046a372114ff88ccf4c3705c1d86a0f99f77e3dd055114c14340c20d3,405750695cce570beb822b51a40ba5ef087c68fcca7555eed2045e3ad987c7e1,4549c1aab9141692df4e9671c9d2b43e8b5555fd409a73084ed696735eb904b6,0.183944909,0.196039903,0000
736,001a,0010,e3b0c44298fc1c149afbf4c8996fb92427ae41e4649b934ca495991b7852b855,e3b0c44298fc1c149afbf4c8996fb92427ae41e4649b934ca495991b7852b855,2271bae934a6479f563f3ae97e207a3b0345fc5e2bc238054c880006c4709b3b,943360a9a5818959e33aa851d0ac4831c347ca8ca4b98b4e7e95a6abb99fcb34,e010ed09d4baf4ac5efe240fbdd22264e7caf3784e7fd56d689fc430610e13cc,0d3eb13046a372114ff88ccf4c3705c1d86a0f99f77e3dd055114c14340c20d3,caf1884cdd9378d4fec410bc35194f96da43b064014d15a26c5a9b548d83b7e3,465ae829bdf4b47bf5365467a82895814474e6af4915a16dcb3e061c7c425dd8,0.183815313,0.196177387,0000
737,001a,0010,e3b0c44298fc1c149afbf4c8996fb92427ae41e4649b934ca495991b7852b855,e3b0c44298fc1c149afbf4c8996fb92427ae41e4649b934ca495991b7852b855,69dca3ad9e7f50449cf2b25e1f9c04a71c7eb96c130baec1f65208dc888b0d16,943360a9a5818959e33aa851d0ac4831c347ca8ca4b98b4e7e95a6abb99fcb34,e010ed09d4baf4ac5efe240fbdd22264e7caf3784e7fd56d689fc430610e13cc,0d3eb13046a372114ff88ccf4c3705c1d86a0f99f77e3dd055114c14340c20d3,90cfaab0da5c933ca7ce07c36a5419f73c792b7a3cb42ae3cba841a73ac618f3,50f80d36c63d3eca904ee2fda9b6d7459e217432a42ba55884053352e1591945,0.183839323,0.195155211,0000
738,001a,0010,e3b0c44298fc1c149afbf4c8996fb92427ae41e4649b934ca495991b7852b855,e3b0c44298fc1c149afbf4c8996fb92427ae41e4649b934ca495991b7852b855,6f9093014545093eaad339de99f25385ed62363c5e976fbabe4e54e65826bf02,943360a9a5818959e33aa851d0ac4831c347ca8ca4b98b4e7e95a6abb99fcb34,e010ed09d4baf4ac5efe240fbdd22264e7caf3784e7fd56d689fc430610e13cc,0d3eb13046a372114ff88ccf4c3705c1d86a0f99f77e3dd055114c14340c20d3,482b8da1eaac94ef98f7adbfc83634a552a1a8ee36f2e32431a6d8a122109424,e6abcd10ad756a37336b76ca5e583308c88e23f7a8f837783c29b981a329f7d2,0.183839728,0.194151692,0000
739,001a,0010,e3b0c44298fc1c149afbf4c8996fb92427ae41e4649b934ca495991b7852b855,e3b0c44298fc1c149afbf4c8996fb92427ae41e4649b934ca495991b7852b855,85e6806c38999b37b5c338f20dc9884abd8eb3eae434538d2b5ce91388092fe9,943360a9a5818959e33aa851d0ac4831c347ca8ca4b98b4e7e95a6abb99fcb34,e010ed09d4baf4ac5efe240fbdd22264e7caf3784e7fd56d689fc430610e13cc,0d3eb13046a372114ff88ccf4c3705c1d86a0f99f77e3dd055114c14340c20d3,02560af2d509b9417c5769397437b36b26d168fdb05e4e89805471a36c92d366,3a89bfbfd38deae3f4029bdd744ab0205c19d8a4009e7ea973ef8525be3ece5c,0.185996210,0.194995965,0000
740,001a,0010,e3b0c44298fc1c149afbf4c8996fb92427ae41e4649b934ca495991b7852b855,e3b0c44298fc1c149afbf4c8996fb92427ae41e4649b934ca495991b7852b855,ab131344d592d63a738fe3a41897889b8eb03f04c091f4634567f04fd456d110,943360a9a5818959e33aa851d0ac4831c347ca8ca4b98b4e7e95a6abb99fcb34,e010ed09d4baf4ac5efe240fbdd22264e7caf3784e7fd56d689fc430610e13cc,0d3eb13046a372114ff88ccf4c3705c1d86a0f99f77e3dd055114c14340c20d3,70f98e7ec4eeba0bce6db06f74295eea5af17f46085e47144ad6e01f66495140,69cc8eb1348083359678f1dcb86c623c3490a5b3f6873b37e8cc447c455161e1,0.183942907,0.196149970,0000
741,001a,0010,e3b0c44298fc1c149afbf4c8996fb92427ae41e4649b934ca495991b7852b855,e3b0c44298fc1c149afbf4c8996fb92427ae41e4649b934ca495991b7852b855,f5aedb423b1084b1cb565bbbd2183ece834e9206d7197bd11e3eba955915e723,943360a9a5818959e33aa851d0ac4831c347ca8ca4b98b4e7e95a6abb99fcb34,e010ed09d4baf4ac5efe240fbdd22264e7caf3784e7fd56d689fc430610e13cc,0d3eb13046a372114ff88ccf4c3705c1d86a0f99f77e3dd055114c14340c20d3,aedb4fc0f44c5260bf34bf0ca683989d472a4db80cfdf4a0404b2fd286e24b64,cc92d9a6322a3ae1fd878ec775455b2aa6e2e9cd08f27e5d91e2edbf910b8689,0.186033546,0.194856568,0000
742,001a,0010,e3b0c44298fc1c149afbf4c8996fb92427ae41e4649b934ca495991b7852b855,e3b0c44298fc1c149afbf4c8996fb92427ae41e4649b934ca495991b7852b855,3ed9fdd9858adb15eebbc05d42350c865ebe3862f94369bbda003241147dd750,943360a9a5818959e33aa851d0ac4831c347ca8ca4b98b4e7e95a6abb99fcb34,e010ed09d4baf4ac5efe240fbdd22264e7caf3784e7fd56d689fc430610e13cc,0d3eb13046a372114ff88ccf4c3705c1d86a0f99f77e3dd055114c14340c20d3,c74f4839932f9bed6560fc38640cc9c49c43ef1021a938e1fbacc30fd0591e47,9a4fae6dc70f4cb47a211b4d543d666f4b7130dd5524c8d1fcc25da4a581c6a7,0.183840256,0.196153468,0000
743,001a,0010,e3b0c44298fc1c149afbf4c8996fb92427ae41e4649b934ca495991b7852b855,e3b0c44298fc1c149afbf4c8996fb92427ae41e4649b934ca495991b7852b855,4fec204b73044e848c29085ce40698ddec32418e08d7dd9d8e02dd1a12ef2fb6,943360a9a5818959e33aa851d0ac4831c347ca8ca4b98b4e7e95a6abb99fcb34,e010ed09d4baf4ac5efe240fbdd22264e7caf3784e7fd56d689fc430610e13cc,0d3eb13046a372114ff88ccf4c3705c1d86a0f99f77e3dd055114c14340c20d3,b9e27704e4845959725193645242af2b605cf0764226404b0feb8fc4d911d709,dafb96c6b9e4c42a0e20251683de311c1291c25f3777e7099c8d867f56f0bc88,0.183845479,0.196063935,0000
744,001a,0010,e3b0c44298fc1c149afbf4c8996fb92427ae41e4649b934ca495991b7852b855,e3b0c44298fc1c149afbf4c8996fb92427ae41e4649b934ca495991b7852b855,5e77c89000d5feb0a624aa838edce82fefb4acf0ec41b9e4fba5b005ab64e01b,943360a9a5818959e33aa851d0ac4831c347ca8ca4b98b4e7e95a6abb99fcb34,e010ed09d4baf4ac5efe240fbdd22264e7caf3784e7fd56d689fc430610e13cc,0d3eb13046a372114ff88ccf4c3705c1d86a0f99f77e3dd055114c14340c20d3,c0790c387dc87966300bb43fca99ff2b9e742d3c955243a833761650dab0266b,eaef6d6a13611c02d328441711ae47a0254435a466314e2a8a182e30179a563f,0.183944868,0.196231706,0000
745,001a,0010,e3b0c44298fc1c149afbf4c8996fb92427ae41e4649b934ca495991b7852b855,e3b0c44298fc1c149afbf4c8996fb92427ae41e4649b934ca495991b7852b855,0a0981edd8275b9289fd16b6ab4210d0ebec046a294b830a5d3aefe92d7f0150,943360a9a5818959e33aa851d0ac4831c347ca8ca4b98b4e7e95a6abb99fcb34,e010ed09d4baf4ac5efe240fbdd22264e7caf3784e7fd56d689fc430610e13cc,0d3eb13046a372114ff88ccf4c3705c1d86a0f99f77e3dd055114c14340c20d3,aa025f77e9db38da669c8ff0964f9c5693b4b7a8378478a1f935f27489374a5a,d7ac291df7eb7d7bde08c55d2e1ea2fe43e990e13fe9c5724dd2feeeeef1248b,0.183950479,0.195049312,0000
746,001a,0010,e3b0c44298fc1c149afbf4c8996fb92427ae41e4649b934ca495991b7852b855,e3b0c44298fc1c149afbf4c8996fb92427ae41e4649b934ca495991b7852b855,98ae63934d8f070ad6a99830eede617bb117a9005971993eb2a4e04ec1d834d9,943360a9a5818959e33aa851d0ac4831c347ca8ca4b98b4e7e95a6abb99fcb34,e010ed09d4baf4ac5efe240fbdd22264e7caf3784e7fd56d689fc430610e13cc,0d3eb13046a372114ff88ccf4c3705c1d86a0f99f77e3dd055114c14340c20d3,2837fa88fcf3e6bd0d04ffcd2231b4b8af1991e3be0f3b6d54224f9789c7afae,aaa336263dd5d700dce456b8aac562511d10c97f1bd1b6208a6913405737134a,0.186117957,0.194866437,0000
747,001a,0010,e3b0c44298fc1c149afbf4c8996fb92427ae41e4649b934ca495991b7852b855,e3b0c44298fc1c149afbf4c8996fb92427ae41e4649b934ca495991b7852b855,8743d9a88843cc3d9ac5728d692117e7b78d470083a4463efc7edd2684171455,943360a9a5818959e33aa851d0ac4831c347ca8ca4b98b4e7e95a6abb99fcb34,e010ed09d4baf4ac5efe240fbdd22264e7caf3784e7fd56d689fc430610e13cc,0d3eb13046a372114ff88ccf4c3705c1d86a0f99f77e3dd055114c14340c20d3,c5c6b8de13a781511e498f59c34101ccd9a2c067e1b67477d9dcffbe87d15fb0,fa1c16dae54d8dd195a478befd30eefbe9952815f29bd0df0fd8de0630bfb07c,0.183942941,0.195052368,0000
748,001a,0010,e3b0c44298fc1c149afbf4c8996fb92427ae41e4649b934ca495991b7852b855,e3b0c44298fc1c149afbf4c8996fb92427ae41e4649b934ca495991b7852b855,6ad99237007c58b427b3c3f698ebd924231920e98df87b7a177ff5c7072de3ab,943360a9a5818959e33aa851d0ac4831c347ca8ca4b98b4e7e95a6abb99fcb34,e010ed09d4baf4ac5efe240fbdd22264e7caf3784e7fd56d689fc430610e13cc,0d3eb13046a372114ff88ccf4c3705c1d86a0f99f77e3dd055114c14340c20d3,37961d3b22ecc1aae2beb71b0d6414f02c63297dd1e225276a3746d58f1d7f00,de031264d6cd80a023b5c0c385747278bfa0739092c7d7249c4af54c7b2d31dc,0.185810392,0.194955995,0000
749,001a,0010,e3b0c44298fc1c149afbf4c8996fb92427ae41e4649b934ca495991b7852b855,e3b0c44298fc1c149afbf4c8996fb92427ae41e4649b934ca495991b7852b855,1769a3f28459f1e51a1455044b0a4891639833c06c1cd9f860a3be71f16d9648,943360a9a5818959e33aa851d0ac4831c347ca8ca4b98b4e7e95a6abb99fcb34,e010ed09d4baf4ac5efe240fbdd22264e7caf3784e7fd56d689fc430610e13cc,0d3eb13046a372114ff88ccf4c3705c1d86a0f99f77e3dd055114c14340c20d3,ce172bfbd92d2c61db5c5db2c15fbc56501753fc800c8c8c840320d26a145e97,06cf54d0b38c84e65b09d74e94faa96ae617bb4e5b77dac9b9671c656ad41583,0.182942346,0.196274800,0000
750,001a,0010,e3b0c44298fc1c149afbf4c8996fb92427ae41e4649b934ca495991b7852b855,e3b0c44298fc1c149afbf4c8996fb92427ae41e4649b934ca495991b7852b855,4b4e39a5c81fa13105d82ebbe0c28b68d3bf5c545dda410e9d8b6c04fe6e3078,943360a9a5818959e33aa851d0ac4831c347ca8ca4b98b4e7e95a6abb99fcb34,e010ed09d4baf4ac5efe240fbdd22264e7caf3784e7fd56d689fc430610e13cc,0d3eb13046a372114ff88ccf4c3705c1d86a0f99f77e3dd055114c14340c20d3,265ea040c7cb8a995f8ab3969f2d661c22612eb35a2960f30e673e2f891c1a14,1f28b1d7144913e3c4b0b0f6342acbba677e44dec590470040657068e1b42a39,0.183204145,0.194821195,0000
751,001a,0010,e3b0c44298fc1c149afbf4c8996fb92427ae41e4649b934ca495991b7852b855,e3b0c44298fc1c149afbf4c8996fb92427ae41e4649b934ca495991b7852b855,cc9a33b4930c73d7ec85380268189682b55bae3506bf7bb5ed3215b6b096d8a1,943360a9a5818959e33aa851d0ac4831c347ca8ca4b98b4e7e95a6abb99fcb34,e010ed09d4baf4ac5efe240fbdd22264e7caf3784e7fd56d689fc430610e13cc,0d3eb13046a372114ff88ccf4c3705c1d86a0f99f77e3dd055114c14340c20d3,18e10648a576681983f57bf6ff367d570bfabe7e2233a285b26e7ada56018a14,a5add5c6a21cd040af1fbe385ac3ab53d768d749c84efd591b986bbf1aa5ceff,0.184054444,0.194796985,0000
752,001a,0010,e3b0c44298fc1c149afbf4c8996fb92427ae41e4649b934ca495991b7852b855,e3b0c44298fc1c149afbf4c8996fb92427ae41e4649b934ca495991b7852b855,e0c4b787868704fc6ba1129456d766464c8e816d1d1693b5d85fd99d18c983a7,943360a9a5818959e33aa851d0ac4831c347ca8ca4b98b4e7e95a6abb99fcb34,e010ed09d4baf4ac5efe240fbdd22264e7caf3784e7fd56d689fc430610e13cc,0d3eb13046a372114ff88ccf4c3705c1d86a0f99f77e3dd055114c14340c20d3,ede9a1bac85107dd65c0878fe65f3f08bbb65f744bcd28c4c58404607cdf64bc,289f678de972db5fe580cd3badd39e44313afdbf75daa53c345cded69f23e9d2,0.183981196,0.195154675,0000
753,001a,0010,e3b0c44298fc1c149afbf4c8996fb92427ae41e4649b934ca495991b7852b855,e3b0c44298fc1c149afbf4c8996fb92427ae41e4649b934ca495991b7852b855,cfdd1131171fc1f3fba83d9208e51d6c1001ff40739173fd5ff0602932c3991b,943360a9a5818959e33aa851d0ac4831c347ca8ca4b98b4e7e95a6abb99fcb34,e010ed09d4baf4ac5efe240fbdd22264e7caf3784e7fd56d689fc430610e13cc,0d3eb13046a372114ff88ccf4c3705c1d86a0f99f77e3dd055114c14340c20d3,41dc4a574d7d7d4bc05674df2ea05cbf749ebf46da340a438c3ddb72723acb66,12bcdfd1a06df7758846684e5d90aef744a3343542a2cf1cb3ce976067d2df33,0.185946587,0.194905214,0000
754,001a,0010,e3b0c44298fc1c149afbf4c8996fb92427ae41e4649b934ca495991b7852b855,e3b0c44298fc1c149afbf4c8996fb92427ae41e4649b934ca495991b7852b855,62074ea03cbd5d0949abad7466886d26d62a351c10f8916ceef34b565ed58a5c,943360a9a5818959e33aa851d0ac4831c347ca8ca4b98b4e7e95a6abb99fcb34,e010ed09d4baf4ac5efe240fbdd22264e7caf3784e7fd56d689fc430610e13cc,0d3eb13046a372114ff88ccf4c3705c1d86a0f99f77e3dd055114c14340c20d3,0b867b1a93aeabd292c5e15d8db77f988786733d56d8b3fa3971548f1dd3ff3a,ec33f66abb616061977f0d4f4557ba00715bf2ef848782195f83ac157f38ef1b,0.184046510,0.196050244,0000
755,001a,0010,e3b0c44298fc1c149afbf4c8996fb92427ae41e4649b934ca495991b7852b855,e3b0c44298fc1c149afbf4c8996fb92427ae41e4649b934ca495991b7852b855,1480ce4dcfc1b46534284bcb16cb9d14716114c761057f87454a4970a9fa64e4,943360a9a5818959e33aa851d0ac4831c347ca8ca4b98b4e7e95a6abb99fcb34,e010ed09d4baf4ac5efe240fbdd22264e7caf3784e7fd56d689fc430610e13cc,0d3eb13046a372114ff88ccf4c3705c1d86a0f99f77e3dd055114c14340c20d3,1d2fba887812ed1c5d488a044241100f6bb3095053a22bdef4717f45c3ccb410,338d0cfa8b7010af27f1d4efee89423c081abadf6f5d9ed341aad807af18f506,0.186079330,0.194942643,0000
756,001a,0010,e3b0c44298fc1c149afbf4c8996fb92427ae41e4649b934ca495991b7852b855,e3b0c44298fc1c149afbf4c8996fb92427ae41e4649b934ca495991b7852b855,e3aa6f5d2cd006323466082147ca357878dca6dfd321243490a4ff376aa9838b,943360a9a5818959e33aa851d0ac4831c347ca8ca4b98b4e7e95a6abb99fcb34,e010ed09d4baf4ac5efe240fbdd22264e7caf3784e7fd56d689fc430610e13cc,0d3eb13046a372114ff88ccf4c3705c1d86a0f99f77e3dd055114c14340c20d3,03c9106664f52044a3613b4e4b55db13e7707436693100c59a70c3362a4cce87,88dca3601bf303e1dca816a53157bc2b6e75e9a4b1d7291a4d66814eb2111152,0.184071919,0.194915514,0000
757,001a,0010,e3b0c44298fc1c149afbf4c8996fb92427ae41e4649b934ca495991b7852b855,e3b0c44298fc1c149afbf4c8996fb92427ae41e4649b934ca495991b7852b855,378a0bc7869fe998fd9af9b3edb2b19dcc893bfab697916e8d82bd4dcd073cfb,943360a9a5818959e33aa851d0ac4831c347ca8ca4b98b4e7e95a6abb99fcb34,e010ed09d4baf4ac5efe240fbdd22264e7caf3784e7fd56d689fc430610e13cc,0d3eb13046a372114ff88ccf4c3705c1d86a0f99f77e3dd055114c14340c20d3,13027579e45c65457f63dd82162f3ca357f726573e2caa4ba0670f3e9a38d280,b5e1589a29b6f0eb17e3f9bba8a984bb3e5fb09dafb128a5374fcd85a8a03593,0.185940030,0.193922719,0000
758,001a,0010,e3b0c44298fc1c149afbf4c8996fb92427ae41e4649b934ca495991b7852b855,e3b0c44298fc1c149afbf4c8996fb92427ae41e4649b934ca495991b7852b855,8d8bd83b62873ded4b63a72c19926ff25d1a3a7a1202c7378f9cc0f341b19f32,943360a9a5818959e33aa851d0ac4831c347ca8ca4b98b4e7e95a6abb99fcb34,e010ed09d4baf4ac5efe240fbdd22264e7caf3784e7fd56d689fc430610e13cc,0d3eb13046a372114ff88ccf4c3705c1d86a0f99f77e3dd055114c14340c20d3,d3ebbac576c20b458e1e5c2839e5a544cd21d1f62750895ce556d727247e40e4,a3c6d246a93e3b87195a5a7bf9e804eee4858d8d2a46b47f19ce2e403c28225a,0.183839611,0.196154660,0000
759,001a,0010,e3b0c44298fc1c149afbf4c8996fb92427ae41e4649b934ca495991b7852b855,e3b0c44298fc1c149afbf4c8996fb92427ae41e4649b934ca495991b7852b855,5f8285cdb74dd4f630c3e9dc3fe78e8457b5557147ecb4819136d85488bb0e06,943360a9a5818959e33aa851d0ac4831c347ca8ca4b98b4e7e95a6abb99fcb34,e010ed09d4baf4ac5efe240fbdd22264e7caf3784e7fd56d689fc430610e13cc,0d3eb13046a372114ff88ccf4c3705c1d86a0f99f77e3dd055114c14340c20d3,a58afac9e0facd635c264671db91c5dd3db40694c9d4505d3b920f0c256f1b9d,ed69f3e0637f5b61260662e054628653562dcb75c1da14ae29700a6f752a5db1,0.183975801,0.195050262,0000
760,001a,0010,e3b0c44298fc1c149afbf4c8996fb92427ae41e4649b934ca495991b7852b855,e3b0c44298fc1c149afbf4c8996fb92427ae41e4649b934ca495991b7852b855,0120ad213c0174bef3835e64df8966d9d8dbf8c32b457844ebd072fed7bd7863,943360a9a5818959e33aa851d0ac4831c347ca8ca4b98b4e7e95a6abb99fcb34,e010ed09d4baf4ac5efe240fbdd22264e7caf3784e7fd56d689fc430610e13cc,0d3eb13046a372114ff88ccf4c3705c1d86a0f99f77e3dd055114c14340c20d3,cdce089415045ba114d8dad37a2bc02ff5754630a75ad5fcaa5b9d2a00e2b0e4,a557fc01a142531953874ff20c0462f36466ee7779985dc5d655f04721a6783c,0.183963602,0.194119577,0000
761,001a,0010,e3b0c44298fc1c149afbf4c8996fb92427ae41e4649b934ca495991b7852b855,e3b0c44298fc1c149afbf4c8996fb92427ae41e4649b934ca495991b7852b855,4865a4ec022221c29e29af6da2c0c40038d685131f3a44fc9889c0bb824bc156,943360a9a5818959e33aa851d0ac4831c347ca8ca4b98b4e7e95a6abb99fcb34,e010ed09d4baf4ac5efe240fbdd22264e7caf3784e7fd56d689fc430610e13cc,0d3eb13046a372114ff88ccf4c3705c1d86a0f99f77e3dd055114c14340c20d3,c2b35f8e640467d3ca1984a20e34cdf5b316bbf7a5a06cda3e6c8276e6c119ea,9c2d7e012b78aaadc39f27bac1b056593e569fbd01368bf4e749a7e582399b40,0.183947027,0.195028986,0000
762,001a,0010,e3b0c44298fc1c149afbf4c8996fb92427ae41e4649b934ca495991b7852b855,e3b0c44298fc1c149afbf4c8996fb92427ae41e4649b934ca495991b7852b855,7711383a75584d323345d60b26cbff23f5a68b7e9e2cc687a63fe9b5d3729d41,943360a9a5818959e33aa851d0ac4831c347ca8ca4b98b4e7e95a6abb99fcb34,e010ed09d4baf4ac5efe240fbdd22264e7caf3784e7fd56d689fc430610e13cc,0d3eb13046a372114ff88ccf4c3705c1d86a0f99f77e3dd055114c14340c20d3,fb9b9361f0a48880ea933567feaeb0d5eb26be1193884a87087bbbd2f13986ac,3fdfb1d484fad372096cac8372fdc9aa3d03d48678315e6de037d2329d3fb115,0.183946368,0.194938045,0000
763,001a,0010,e3b0c44298fc1c149afbf4c8996fb92427ae41e4649b934ca495991b7852b855,e3b0c44298fc1c149afbf4c8996fb92427ae41e4649b934ca495991b7852b855,0a74653f03f83782de658fecccd7bfe3a270dfc661d02c2a1c937f040e1ca805,943360a9a5818959e33aa851d0ac4831c347ca8ca4b98b4e7e95a6abb99fcb34,e010ed09d4baf4ac5efe240fbdd22264e7caf3784e7fd56d689fc430610e13cc,0d3eb13046a372114ff88ccf4c3705c1d86a0f99f77e3dd055114c14340c20d3,62b84aa3b6d1f2e9e5ad6900e818fa22e0aef67f19021c3bba6fd36be4c8a179,b263ed339578fa1ffdd1a1188d75abc87f81a30dab3694cdbfdf52d7ac25b60f,0.183948136,0.196148392,0000
764,001a,0010,e3b0c44298fc1c149afbf4c8996fb92427ae41e4649b934ca495991b7852b855,e3b0c44298fc1c149afbf4c8996fb92427ae41e4649b934ca495991b7852b855,bbd86d848b27cdabb1b890acecb876dd315df228807001f263d6e9eb1fec5c6b,943360a9a5818959e33aa851d0ac4831c347ca8ca4b98b4e7e95a6abb99fcb34,e010ed09d4baf4ac5efe240fbdd22264e7caf3784e7fd56d689fc430610e13cc,0d3eb13046a372114ff88ccf4c3705c1d86a0f99f77e3dd055114c14340c20d3,ecdf369dd6f908394959ed41f87ec30fe0fdac13b182ee4bf4e04b4457a210c9,8b15130a3f734e91a305a543987e99ac4f9e0e5bf7fea9059100316478d2b0d2,0.183839760,0.195047839,0000
765,001a,0010,e3b0c44298fc1c149afbf4c8996fb92427ae41e4649b934ca495991b7852b855,e3b0c44298fc1c149afbf4c8996fb92427ae41e4649b934ca495991b7852b855,adfe931d745b886a63ebd8d96e19992507ef2660a0a5f4039814d416bd20fd30,943360a9a5818959e33aa851d0ac4831c347ca8ca4b98b4e7e95a6abb99fcb34,e010ed09d4baf4ac5efe240fbdd22264e7caf3784e7fd56d689fc430610e13cc,0d3eb13046a372114ff88ccf4c3705c1d86a0f99f77e3dd055114c14340c20d3,8af83d9fca47828fd221307611843163dc67e66716c168434d7ec537004fdac5,fbe0a677da89bf76b10aa2e8e4a1b324bc2d3ce0e91d73b0edb047767998a7b4,0.183845409,0.196150639,0000
766,001a,0010,e3b0c44298fc1c149afbf4c8996fb92427ae41e4649b934ca495991b7852b855,e3b0c44298fc1c149afbf4c8996fb92427ae41e4649b934ca495991b7852b855,97d50217558c367c38bb5ebeda21c73cb2829f9e5caf29e25345a04e0c8446c5,943360a9a5818959e33aa851d0ac4831c347ca8ca4b98b4e7e95a6abb99fcb34,e010ed09d4baf4ac5efe240fbdd22264e7caf3784e7fd56d689fc430610e13cc,0d3eb13046a372114ff88ccf4c3705c1d86a0f99f77e3dd055114c14340c20d3,b89a67ce7ab2b4a2e8ebc005f6378496d86c7149cd262bec06ae89dac8b274eb,da0421ee5db815ee64c09a81328a92e112934ab3cbc54e7646291b8ef7b91d57,0.185998379,0.194986313,0000
767,001a,0010,e3b0c44298fc1c149afbf4c8996fb92427ae41e4649b934ca495991b7852b855,e3b0c44298fc1c149afbf4c8996fb92427ae41e4649b934ca495991b7852b855,c474268317cfd6e94888885a59230982ae500edfa5459f56283dd833c0bdbd87,943360a9a5818959e33aa851d0ac4831c347ca8ca4b98b4e7e95a6abb99fcb34,e010ed09d4baf4ac5efe240fbdd22264e7caf3784e7fd56d689fc430610e13cc,0d3eb13046a372114ff88ccf4c3705c1d86a0f99f77e3dd055114c14340c20d3,90f0f8b9d7ead65e9d0a9388086cc36f60a83c7dfeac66420a36f5705f458fdc,4263316fb852e88403f453393fcf70a8f35dcc1b370377621b81c7392f007516,0.183944967,0.196052520,0000
768,001a,0010,e3b0c44298fc1c149afbf4c8996fb92427ae41e4649b934ca495991b7852b855,e3b0c44298fc1c149afbf4c8996fb92427ae41e4649b934ca495991b7852b855,4d7458063aac7f30b37a99f4c459e625cf9aff42d0a910f2877ccf4935053662,943360a9a5818959e33aa851d0ac4831c347ca8ca4b98b4e7e95a6abb99fcb34,e010ed09d4baf4ac5efe240fbdd22264e7caf3784e7fd56d689fc430610e13cc,0d3eb13046a372114ff88ccf4c3705c1d86a0f99f77e3dd055114c14340c20d3,7a126075945fc73c7a33764dde0aa35fb60590d7bbff78afc3ea798c01319e81,508fa5331ccb6a9e41ccad13244013a071799863fc74eca526a245dec8418240,0.183840790,0.195150308,0000
769,001a,0010,e3b0c44298fc1c149afbf4c8996fb92427ae41e4649b934ca495991b7852b855,e3b0c44298fc1c149afbf4c8996fb92427ae41e4649b934ca495991b7852b855,3f81e960c26754eb991513de5caf1aa3c2ee93075aa2d1b56b9c3e53cc3dd122,943360a9a5818959e33aa851d0ac4831c347ca8ca4b98b4e7e95a6abb99fcb34,e010ed09d4baf4ac5efe240fbdd22264e7caf3784e7fd56d689fc430610e13cc,0d3eb13046a372114ff88ccf4c3705c1d86a0f99f77e3dd055114c14340c20d3,9949f36099858711ddb3a19513d193fdbda2b7c5bef0123621ea4b90db29fafc,f5148af59d5f55e83254e48a52d48fca75c8fac7f2c3ce2fd8618b5119b9bd92,0.183916123,0.195077423,0000
770,001a,0010,e3b0c44298fc1c149afbf4c8996fb92427ae41e4649b934ca495991b7852b855,e3b0c44298fc1c149afbf4c8996fb92427ae41e4649b934ca495991b7852b855,28bfec2e6290e9aa6717ab678553b435ae976ae8df909099d1ba2e44dcec5c25,943360a9a5818959e33aa851d0ac4831c347ca8ca4b98b4e7e95a6abb99fcb34,e010ed09d4baf4ac5efe240fbdd22264e7caf3784e7fd56d689fc430610e13cc,0d3eb13046a372114ff88ccf4c3705c1d86a0f99f77e3dd055114c14340c20d3,2cd77e6ed9293014c636dc831d318d75d4c7c6f54699c1f541218e09c741b66b,49b4392e4398132b7679470ef4a49981b549a74af888199240bc408111964854,0.183826960,0.196035822,0000
771,001a,0010,e3b0c44298fc1c149afbf4c8996fb92427ae41e4649b934ca495991b7852b855,e3b0c44298fc1c149afbf4c8996fb92427ae41e4649b934ca495991b7852b855,252d4260ab6e002dfa2c78ae39ef00715b080574a105682eaf2ea234edfd8562,943360a9a5818959e33aa851d0ac4831c347ca8ca4b98b4e7e95a6abb99fcb34,e010ed09d4baf4ac5efe240fbdd22264e7caf3784e7fd56d689fc430610e13cc,0d3eb13046a372114ff88ccf4c3705c1d86a0f99f77e3dd055114c14340c20d3,5408cf1b6eb166f1a90227286d08fe2f3cbdffcedd85eb2cd99f772052075c33,3dbc5b130e43e5ac921c30e1cb28637fb1b300ec9a9700f561cf106baf1e4719,0.183946697,0.194168643,0000
772,001a,0010,e3b0c44298fc1c149afbf4c8996fb92427ae41e4649b934ca495991b7852b855,e3b0c44298fc1c149afbf4c8996fb92427ae41e4649b934ca495991b7852b855,5e84f9196d44ddfd908aa1708b11824c0872e112fd5ee47c2a2b027c4b2381b2,943360a9a5818959e33aa851d0ac4831c347ca8ca4b98b4e7e95a6abb99fcb34,e010ed09d4baf4ac5efe240fbdd22264e7caf3784e7fd56d689fc430610e13cc,0d3eb13046a372114ff88ccf4c3705c1d86a0f99f77e3dd055114c14340c20d3,b504e588b198832bb659e829182b600fb95e1ddaf0373805e425923e8d6bf386,1644211d4e58a071cc09e90d328c8ca65967df2ba24c74bd6e19226dbe6183b2,0.186064860,0.195925080,0000
773,001a,0010,e3b0c44298fc1c149afbf4c8996fb92427ae41e4649b934ca495991b7852b855,e3b0c44298fc1c149afbf4c8996fb92427ae41e4649b934ca495991b7852b855,3e93dcb0346feaac63935e82aa5ea3edc1c198ba657e2341973e7da7dd8a3292,943360a9a5818959e33aa851d0ac4831c347ca8ca4b98b4e7e95a6abb99fcb34,e010ed09d4baf4ac5efe240fbdd22264e7caf3784e7fd56d689fc430610e13cc,0d3eb13046a372114ff88ccf4c3705c1d86a0f99f77e3dd055114c14340c20d3,f19cb924fc6909dc793d491134b133e3a2613d9370a85801e2ceb3dbce132ead,02671b7a861df845debbf5f0c8532fd5bf9ad657a53339322f031c35bf4e61e2,0.184049571,0.195047452,0000
774,001a,0010,e3b0c44298fc1c149afbf4c8996fb92427ae41e4649b934ca495991b7852b855,e3b0c44298fc1c149afbf4c8996fb92427ae41e4649b934ca495991b7852b855,57ff876fb30f85b13e3f348d1c44892b88d6204fd8875b538587ac1d50fecba3,943360a9a5818959e33aa851d0ac4831c347ca8ca4b98b4e7e95a6abb99fcb34,e010ed09d4baf4ac5efe240fbdd22264e7caf3784e7fd56d689fc430610e13cc,0d3eb13046a372114ff88ccf4c3705c1d86a0f99f77e3dd055114c14340c20d3,e4c44a78f1cdfa1eec79cfcbf63b8b200690b7acf4d3ead4b974c7f0ef308869,e547a2e2fe1ea47684c62c72f8b369ee872513b6915fdac39329ded401a6575b,0.183952798,0.194040416,0000
775,001a,0010,e3b0c44298fc1c149afbf4c8996fb92427ae41e4649b934ca495991b7852b855,e3b0c44298fc1c149afbf4c8996fb92427ae41e4649b934ca495991b7852b855,bf0f1cfde29cfa62cbaa38cf2a131f5fb812908a5fc67bc5741cbf2db8174afd,943360a9a5818959e33aa851d0ac4831c347ca8ca4b98b4e7e95a6abb99fcb34,e010ed09d4baf4ac5efe240fbdd22264e7caf3784e7fd56d689fc430610e13cc,0d3eb13046a372114ff88ccf4c3705c1d86a0f99f77e3dd055114c14340c20d3,8ae4c58c8f03037a8d0aaeeefb4ec839ab3fa3f74d10d004aaef9e29614a007b,35d45522324f84a026311c04ef3b7db2d04eb0764f69e23dfbdbfab738ef0571,0.183028784,0.193859995,0000
776,001a,0010,e3b0c44298fc1c149afbf4c8996fb92427ae41e4649b934ca495991b7852b855,e3b0c44298fc1c149afbf4c8996fb92427ae41e4649b934ca495991b7852b855,34c82c07010642d362e83eac4e5004807525693c691b1125d8149aa10dd7772d,943360a9a5818959e33aa851d0ac4831c347ca8ca4b98b4e7e95a6abb99fcb34,e010ed09d4baf4ac5efe240fbdd22264e7caf3784e7fd56d689fc430610e13cc,0d3eb13046a372114ff88ccf4c3705c1d86a0f99f77e3dd055114c14340c20d3,a643e70417dc7fb6d29c816aaf69659728f8ec0453024dfe36d40df33754e588,8e8163ac554ba0e4f92d81cb4da62ba4d1eb6311d538749ea762067c7ada057c,0.184062108,0.195926827,0000
777,001a,0010,e3b0c44298fc1c149afbf4c8996fb92427ae41e4649b934ca495991b7852b855,e3b0c44298fc1c149afbf4c8996fb92427ae41e4649b934ca495991b7852b855,c201e277b97fc4bb91913241e39af5500573c587be61b86a732486a76708615a,943360a9a5818959e33aa851d0ac4831c347ca8ca4b98b4e7e95a6abb99fcb34,e010ed09d4baf4ac5efe240fbdd22264e7caf3784e7fd56d689fc430610e13cc,0d3eb13046a372114ff88ccf4c3705c1d86a0f99f77e3dd055114c14340c20d3,fc120beb0bc35af3d9a3f4c687746e518b8bfe313b1586b99031e9de3508cda7,c644079ccdbac1a80438ea24bafb051092bf124a4fca1d7ecc838a6df8c60f30,0.182953794,0.195042623,0000
778,001a,0010,e3b0c44298fc1c149afbf4c8996fb92427ae41e4649b934ca495991b7852b855,e3b0c44298fc1c149afbf4c8996fb92427ae41e4649b934ca495991b7852b855,6ad3d6788b7e9f862efffdbfd994b6aee9850b0b5aea4710be35c1b9310998c6,943360a9a5818959e33aa851d0ac4831c347ca8ca4b98b4e7e95a6abb99fcb34,e010ed09d4baf4ac5efe240fbdd22264e7caf3784e7fd56d689fc430610e13cc,0d3eb13046a372114ff88ccf4c3705c1d86a0f99f77e3dd055114c14340c20d3,bc4a6f09881a39ed9a0c6a102073c31c560f5fd8bcf79ac0b45de902cce931fb,2dfa9f3ee5ad1d77337d53afc3c25e0728b8f0135f227b78128fbe99507961e2,0.183952770,0.195044564,0000
779,001a,0010,e3b0c44298fc1c149afbf4c8996fb92427ae41e4649b934ca495991b7852b855,e3b0c44298fc1c149afbf4c8996fb92427ae41e4649b934ca495991b7852b855,fb2b91e6cf955ab60755f9eb1e8c5f120aa1226c08540f8081dd7c03cff00e0a,943360a9a5818959e33aa851d0ac4831c347ca8ca4b98b4e7e95a6abb99fcb34,e010ed09d4baf4ac5efe240fbdd22264e7caf3784e7fd56d689fc430610e13cc,0d3eb13046a372114ff88ccf4c3705c1d86a0f99f77e3dd055114c14340c20d3,d8362d12128cc25e07db20e7647923b31863b0a25af525eac53b82ab53c918b1,5a008674f87b902866cb918210547ded0a7b095472bea96966b9581c10e1dd0e,0.183842339,0.196145701,0000
780,001a,0010,e3b0c44298fc1c149afbf4c8996fb92427ae41e4649b934ca495991b7852b855,e3b0c44298fc1c149afbf4c8996fb92427ae41e4649b934ca495991b7852b855,e5271e8f806698535f6bb29ef2e8d346ca66f095097aabe9ea161a377d3899bb,943360a9a5818959e33aa851d0ac4831c347ca8ca4b98b4e7e95a6abb99fcb34,e010ed09d4baf4ac5efe240fbdd22264e7caf3784e7fd56d689fc430610e13cc,0d3eb13046a372114ff88ccf4c3705c1d86a0f99f77e3dd055114c14340c20d3,af56196a93842cd2ea72d64920e7778eab7d0d9ccbd721f4fd58d8c466a27b77,fa58e4f8a343af29aa858ba550130786ef64032dffc4a79fe9541455fe60804c,0.183925836,0.196170310,0000
781,001a,0010,e3b0c44298fc1c149afbf4c8996fb92427ae41e4649b934ca495991b7852b855,e3b0c44298fc1c149afbf4c8996fb92427ae41e4649b934ca495991b7852b855,747075a24bafa86f571bf7b7592e8a3661c3691890a9d86ac67a41616c5e6426,943360a9a5818959e33aa851d0ac4831c347ca8ca4b98b4e7e95a6abb99fcb34,e010ed09d4baf4ac5efe240fbdd22264e7caf3784e7fd56d689fc430610e13cc,0d3eb13046a372114ff88ccf4c3705c1d86a0f99f77e3dd055114c14340c20d3,b9b6079aaf2784648a5ac4774935e36e5385335bd077649941ad3f3deb0aa1f1,b36b4e84c2460568e9190a4b9b73a88ac1bcfdbabcd996cadcce822f9f00f9d9,0.184045519,0.193941385,0000
782,001a,0010,e3b0c44298fc1c149afbf4c8996fb92427ae41e4649b934ca495991b7852b855,e3b0c44298fc1c149afbf4c8996fb92427ae41e4649b934ca495991b7852b855,70233c8a98d44d39ebe3a1e527a42c38f3e858ff766b9348c755cd2ae1eefe96,943360a9a5818959e33aa851d0ac4831c347ca8ca4b98b4e7e95a6abb99fcb34,e010ed09d4baf4ac5efe240fbdd22264e7caf3784e7fd56d689fc430610e13cc,0d3eb13046a372114ff88ccf4c3705c1d86a0f99f77e3dd055114c14340c20d3,354618a620802efde12971214abdc5538b4ae3929f82ee974ad257991061c4ab,f6b7aa61a36a99bf34839ed906a90622000499214a09a11bb82c04519daf7cb9,0.183923409,0.195074767,0000
783,001a,0010,e3b0c44298fc1c149afbf4c8996fb92427ae41e4649b934ca495991b7852b855,e3b0c44298fc1c149afbf4c8996fb92427ae41e4649b934ca495991b7852b855,d4fbc86410902ddd6d3558be2a5d0a4f832c0efcd728e5a8d0dfe60666074f76,943360a9a5818959e33aa851d0ac4831c347ca8ca4b98b4e7e95a6abb99fcb34,e010ed09d4baf4ac5efe240fbdd22264e7caf3784e7fd56d689fc430610e13cc,0d3eb13046a372114ff88ccf4c3705c1d86a0f99f77e3dd055114c14340c20d3,2c6a9d9ad3056bf265f8d7b809b4c521dd5ac90e506056fc00eae0e1e16f9b28,30b97bcc1a560a3fd8671351c7946db72532646ec00ac5a97f8c9ceab68737af,0.186049382,0.194937100,0000
784,001a,0010,e3b0c44298fc1c149afbf4c8996fb92427ae41e4649b934ca495991b7852b855,e3b0c44298fc1c149afbf4c8996fb92427ae41e4649b934ca495991b7852b855,d1e73ac880595039d44c20800fffb3004a938f58fb98333766c10a3076189216,943360a9a5818959e33aa851d0ac4831c347ca8ca4b98b4e7e95a6abb99fcb34,e010ed09d4baf4ac5efe240fbdd22264e7caf3784e7fd56d689fc430610e13cc,0d3eb13046a372114ff88ccf4c3705c1d86a0f99f77e3dd055114c14340c20d3,2f236254d9a2ad88d28cbca2828aa6ca3b23b8818e2e9246c050615723322fbd,3804fbc8fbaaf47acc4f59b4253b1979c782166eea959309d9dad27bd464f3c3,0.186070965,0.194946324,0000
785,001a,0010,e3b0c44298fc1c149afbf4c8996fb92427ae41e4649b934ca495991b7852b855,e3b0c44298fc1c149afbf4c8996fb92427ae41e4649b934ca495991b7852b855,1f5d2dffd1205d1be1c84fde2a3c7a6e3265e22463ef1bd255df8a59216479e5,943360a9a5818959e33aa851d0ac4831c347ca8ca4b98b4e7e95a6abb99fcb34,e010ed09d4baf4ac5efe240fbdd22264e7caf3784e7fd56d689fc430610e13cc,0d3eb13046a372114ff88ccf4c3705c1d86a0f99f77e3dd055114c14340c20d3,5483f0036f4dbf6fba477a613947e87dba2c4cf2a92483eb2b5f11af4c19c0ec,e70172f7d871e43d28db3878dd78dfec5d23dd1efe3b1ba410061dcc8ffb19e9,0.183842699,0.194025045,0000
786,001a,0010,e3b0c44298fc1c149afbf4c8996fb92427ae41e4649b934ca495991b7852b855,e3b0c44298fc1c149afbf4c8996fb92427ae41e4649b934ca495991b7852b855,5a42f07ae6709a8942b776345d74dc162555ec0f6f67c7e674c5aa38cf4f0df4,943360a9a5818959e33aa851d0ac4831c347ca8ca4b98b4e7e95a6abb99fcb34,e010ed09d4baf4ac5efe240fbdd22264e7caf3784e7fd56d689fc430610e13cc,0d3eb13046a372114ff88ccf4c3705c1d86a0f99f77e3dd055114c14340c20d3,c7d63808a766c24f2b59eeb8a5a885deda478b693dafcc4a3e96c44baeb0012d,653b4756cc752c3cd00896e114bf9380ed9a8c139aab1d806cdd75dab15ee481,0.184047172,0.195049014,0000
787,001a,0010,e3b0c44298fc1c149afbf4c8996fb92427ae41e4649b934ca495991b7852b855,e3b0c44298fc1c149afbf4c8996fb92427ae41e4649b934ca495991b7852b855,a16ca8b1caf70360041b9e9326abe17ea8cd0476a1c9196dea837c8c6e0ae484,943360a9a5818959e33aa851d0ac4831c347ca8ca4b98b4e7e95a6abb99fcb34,e010ed09d4baf4ac5efe240fbdd22264e7caf3784e7fd56d689fc430610e13cc,0d3eb13046a372114ff88ccf4c3705c1d86a0f99f77e3dd055114c14340c20d3,225fad09948737ccd1bde2e266522a10f5c032355974a34ba0941e057dea914a,6fe6c883aeeadf72c12587d158fe8c1f04d065ad67243ad151d020d1189b7ad1,0.184041657,0.194948355,0000
788,001a,0010,e3b0c44298fc1c149afbf4c8996fb92427ae41e4649b934ca495991b7852b855,e3b0c44298fc1c149afbf4c8996fb92427ae41e4649b934ca495991b7852b855,4e3efdefff5b32e2e75c015a81ef4e835fbd746a9f761ffcc67d45715fcafe23,943360a9a5818959e33aa851d0ac4831c347ca8ca4b98b4e7e95a6abb99fcb34,e010ed09d4baf4ac5efe240fbdd22264e7caf3784e7fd56d689fc430610e13cc,0d3eb13046a372114ff88ccf4c3705c1d86a0f99f77e3dd055114c14340c20d3,b0316b6741935e9696f0ef7d094c28d84c33f4242691a13fadc6d1858b709c8d,f9b247e45822c15ba29bdcde8ecaaa6df214a8fd205e03d7635fd4c7c294ccba,0.183945155,0.195053261,0000
789,001a,0010,e3b0c44298fc1c149afbf4c8996fb92427ae41e4649b934ca495991b7852b855,e3b0c44298fc1c149afbf4c8996fb92427ae41e4649b934ca495991b7852b855,53339c88225a8dc4a4fd916b5c03f6a14edba95fca3f4cb949560df39020686b,943360a9a5818959e33aa851d0ac4831c347ca8ca4b98b4e7e95a6abb99fcb34,e010ed09d4baf4ac5efe240fbdd22264e7caf3784e7fd56d689fc430610e13cc,0d3eb13046a372114ff88ccf4c3705c1d86a0f99f77e3dd055114c14340c20d3,11dc2debcb2eb4cff67a80b0439008ca63d57a9a602fada06202c2eae8c8003c,d99797713d48db73971db4979ec851bbd76fe8a9a358fbc7143052d02a32d700,0.183819101,0.195062651,0000
790,001a,0010,e3b0c44298fc1c149afbf4c8996fb92427ae41e4649b934ca495991b7852b855,e3b0c44298fc1c149afbf4c8996fb92427ae41e4649b934ca495991b7852b855,b31a3341c12a73353bc364295c785c18dfbca47c828e1f5ca85988e328010bd1,943360a9a5818959e33aa851d0ac4831c347ca8ca4b98b4e7e95a6abb99fcb34,e010ed09d4baf4ac5efe240fbdd22264e7caf3784e7fd56d689fc430610e13cc,0d3eb13046a372114ff88ccf4c3705c1d86a0f99f77e3dd055114c14340c20d3,5e91df65b41f9a108a621592f8c7452eda94e5ad06d8c5554bd640271a573431,fea9e9cb029d9e4be86ea33ed178abf49786aca2b6ad65937c65cf07e47ee93e,0.183951221,0.195045193,0000
791,001a,0010,e3b0c44298fc1c149afbf4c8996fb92427ae41e4649b934ca495991b7852b855,e3b0c44298fc1c149afbf4c8996fb92427ae41e4649b934ca495991b7852b855,0543543d734617273a01eb1fe0da1134e15cc6cc6d2f0ddc1053e98465908898,943360a9a5818959e33aa851d0ac4831c347ca8ca4b98b4e7e95a6abb99fcb34,e010ed09d4baf4ac5efe240fbdd22264e7caf3784e7fd56d689fc430610e13cc,0d3eb13046a372114ff88ccf4c3705c1d86a0f99f77e3dd055114c14340c20d3,a4c00f4c79f62c92b83bd06e7c4b33fdef4716689d780e4ae2f9d93a7696f00e,63ea8f33d43ee3e92532694d1cad0f3eee2956a0d0c15849a2ac3ed86540ef76,0.186047466,0.195044674,0000
792,001a,0010,e3b0c44298fc1c149afbf4c8996fb92427ae41e4649b934ca495991b7852b855,e3b0c44298fc1c149afbf4c8996fb92427ae41e4649b934ca495991b7852b855,bc99b8ae219c63ea912d6ba4821ceed0e7641ec3732510fe69e5e6e86e6c7e05,943360a9a5818959e33aa851d0ac4831c347ca8ca4b98b4e7e95a6abb99fcb34,e010ed09d4baf4ac5efe240fbdd22264e7caf3784e7fd56d689fc430610e13cc,0d3eb13046a372114ff88ccf4c3705c1d86a0f99f77e3dd055114c14340c20d3,14c927fc529b4ff241fd090f114a5137b310f5451eab300b5e670b190f7a4fd3,71a02aa5c09fcd27410f2206dece8fc0dcd95e18c7566ec5ea733c101653ae7b,0.183942058,0.195051218,0000
793,001a,0010,e3b0c44298fc1c149afbf4c8996fb92427ae41e4649b934ca495991b7852b855,e3b0c44298fc1c149afbf4c8996fb92427ae41e4649b934ca495991b7852b855,a3c821aac70db6dda107bb0063ced505cb484e7aad0570964978272490875277,943360a9a5818959e33aa851d0ac4831c347ca8ca4b98b4e7e95a6abb99fcb34,e010ed09d4baf4ac5efe240fbdd22264e7caf3784e7fd56d689fc430610e13cc,0d3eb13046a372114ff88ccf4c3705c1d86a0f99f77e3dd055114c14340c20d3,0fe517f33a3a8ba8940c9bed28a006618e6880e1439da13ca196dfdca8ded79d,a8a843572af0128df8fdaad46e894894fe1541d909b4a8bf6fb2f52d7a6cb153,0.183881731,0.195045331,0000
794,001a,0010,e3b0c44298fc1c149afbf4c8996fb92427ae41e4649b934ca495991b7852b855,e3b0c44298fc1c149afbf4c8996fb92427ae41e4649b934ca495991b7852b855,fdd8ec714e2d48157e79bca685b83982327838bebae355cdefaa1911d55841b0,943360a9a5818959e33aa851d0ac4831c347ca8ca4b98b4e7e95a6abb99fcb34,e010ed09d4baf4ac5efe240fbdd22264e7caf3784e7fd56d689fc430610e13cc,0d3eb13046a372114ff88ccf4c3705c1d86a0f99f77e3dd055114c14340c20d3,ff46bacd7b46a1cc7fda8d9d42d307228f4281bccf1a4d9b10808bfd54a8958e,5c26e3b0dc2fbd20aa3aef2201090116d5d79b90804d8a4496c701382e8268f0,0.183937354,0.194122330,0000
795,001a,0010,e3b0c44298fc1c149afbf4c8996fb92427ae41e4649b934ca495991b7852b855,e3b0c44298fc1c149afbf4c8996fb92427ae41e4649b934ca495991b7852b855,9653e47541b467b7c190eb240267c8bbb1d973188ac8986fb57a5d9851fbdd1b,943360a9a5818959e33aa851d0ac4831c347ca8ca4b98b4e7e95a6abb99fcb34,e010ed09d4baf4ac5efe240fbdd22264e7caf3784e7fd56d689fc430610e13cc,0d3eb13046a372114ff88ccf4c3705c1d86a0f99f77e3dd055114c14340c20d3,361e8b8abb04a6bba094d246887a929228c1d4d266c400331858bb17f22a9438,8bcd92a6c22a16862ac78b2961b78e76f1ad953493c0df68869c594d9619f941,0.183847203,0.195040915,0000
796,001a,0010,e3b0c44298fc1c149afbf4c8996fb92427ae41e4649b934ca495991b7852b855,e3b0c44298fc1c149afbf4c8996fb92427ae41e4649b934ca495991b7852b855,e131a8bedd2c00c9dbc31c68fe022d3694ad61a2402d40575c78326099c407f6,943360a9a5818959e33aa851d0ac4831c347ca8ca4b98b4e7e95a6abb99fcb34,e010ed09d4baf4ac5efe240fbdd22264e7caf3784e7fd56d689fc430610e13cc,0d3eb13046a372114ff88ccf4c3705c1d86a0f99f77e3dd055114c14340c20d3,20cb7fd05024d00d04e09796961dd2108351417b77ad0fa496b7f8a816ac59d8,19961501e4660b988e0e0835df0ca44798e873f7d9a8216ad0ad34b3dde5d951,0.183944543,0.195147406,0000
797,001a,0010,e3b0c44298fc1c149afbf4c8996fb92427ae41e4649b934ca495991b7852b855,e3b0c44298fc1c149afbf4c8996fb92427ae41e4649b934ca495991b7852b855,039c97dfa4dd68ac43e97a59ffa5fdf259c2a2636a7faac55fa478411ba5e625,943360a9a5818959e33aa851d0ac4831c347ca8ca4b98b4e7e95a6abb99fcb34,e010ed09d4baf4ac5efe240fbdd22264e7caf3784e7fd56d689fc430610e13cc,0d3eb13046a372114ff88ccf4c3705c1d86a0f99f77e3dd055114c14340c20d3,c55fcda0f27ca088e8d883904fe96052a597773895102da4efb64cdab7530322,61dd3bef6a54022088bf49c55a822cbaea82c47f1e993b1611dac89bec571017,0.185791536,0.194979696,0000
798,001a,0010,e3b0c44298fc1c149afbf4c8996fb92427ae41e4649b934ca495991b7852b855,e3b0c44298fc1c149afbf4c8996fb92427ae41e4649b934ca495991b7852b855,348afff900b20a4a0236a02625c01c13d0aa8fc43040fb80f52e7b324a00fa97,943360a9a5818959e33aa851d0ac4831c347ca8ca4b98b4e7e95a6abb99fcb34,e010ed09d4baf4ac5efe240fbdd22264e7caf3784e7fd56d689fc430610e13cc,0d3eb13046a372114ff88ccf4c3705c1d86a0f99f77e3dd055114c14340c20d3,f91017532c7b3cc9f610ac156ebd6c2d7051400f3a0b55d9cffd8a8d46e0af4e,a965b4aaf4c6e9b1e03c90bb58027eb182f8ed54b7f0f33a3e554bf524581875,0.183917867,0.196267410,0000
799,001a,0010,e3b0c44298fc1c149afbf4c8996fb92427ae41e4649b934ca495991b7852b855,e3b0c44298fc1c149afbf4c8996fb92427ae41e4649b934ca495991b7852b855,47ceaa73cea1c5c67a08d014052bf41dc97ea6cc0ce74d8edd4b80efd669fbec,943360a9a5818959e33aa851d0ac4831c347ca8ca4b98b4e7e95a6abb99fcb34,e010ed09d4baf4ac5efe240fbdd22264e7caf3784e7fd56d689fc430610e13cc,0d3eb13046a372114ff88ccf4c3705c1d86a0f99f77e3dd055114c14340c20d3,33c68918e31d41dfcbde8e098705aabd69a003052da8125fc99e6470e5cbc212,9957eb899af0089937ee47213fac615e15770e515487c759ca12575367ae7ad3,0.187140386,0.194882261,0000
800,001a,0010,e3b0c44298fc1c149afbf4c8996fb92427ae41e4649b934ca495991b7852b855,e3b0c44298fc1c149afbf4c8996fb92427ae41e4649b934ca495991b7852b855,cd954f9054a503b2bd37e509730ae28c5a1334899c94023b818957710898dcb2,943360a9a5818959e33aa851d0ac4831c347ca8ca4b98b4e7e95a6abb99fcb34,e010ed09d4baf4ac5efe240fbdd22264e7caf3784e7fd56d689fc430610e13cc,0d3eb13046a372114ff88ccf4c3705c1d86a0f99f77e3dd055114c14340c20d3,d77a312aefa1fab7b43472b6b07c7df3298e720afe1b3e80e1ca7c5ae2923171,4e6f8c35401508564814866f0e34ba3dce8397ebd7eab780b631a24828345d4e,0.184044321,0.194948681,0000
801,001a,0010,e3b0c44298fc1c149afbf4c8996fb92427ae41e4649b934ca495991b7852b855,e3b0c44298fc1c149afbf4c8996fb92427ae41e4649b934ca495991b7852b855,50ff0522b4a35ed115537c0b20bc2ef616d4502a0403b6de32244ad938427dee,943360a9a5818959e33aa851d0ac4831c347ca8ca4b98b4e7e95a6abb99fcb34,e010ed09d4baf4ac5efe240fbdd22264e7caf3784e7fd56d689fc430610e13cc,0d3eb13046a372114ff88ccf4c3705c1d86a0f99f77e3dd055114c14340c20d3,105b871ccb0a60bca0bb83d3314067a51301faf074ec5125e5990c27ede1b4fe,f955189a1131be46cb23ecfe208af1f33cd78767e9f7e2c007bac5edaaa1892b,0.183168991,0.194822266,0000
802,001a,0010,e3b0c44298fc1c149afbf4c8996fb92427ae41e4649b934ca495991b7852b855,e3b0c44298fc1c149afbf4c8996fb92427ae41e4649b934ca495991b7852b855,d3854be39a23cd175e6091a9898fd54ab205d305fb005aad5f1626c3da07f188,943360a9a5818959e33aa851d0ac4831c347ca8ca4b98b4e7e95a6abb99fcb34,e010ed09d4baf4ac5efe240fbdd22264e7caf3784e7fd56d689fc430610e13cc,0d3eb13046a372114ff88ccf4c3705c1d86a0f99f77e3dd055114c14340c20d3,87878ecf80ad41cd0fb132a2a5166c6d7329e194950d6510c4a89de490025c6e,ce0c5e8e762b89e4f9315af397206c3f224ccb2c530641e336480a8f74bccf7e,0.183167665,0.194823144,0000
803,001a,0010,e3b0c44298fc1c149afbf4c8996fb92427ae41e4649b934ca495991b7852b855,e3b0c44298fc1c149afbf4c8996fb92427ae41e4649b934ca495991b7852b855,ac5cccf9d6a20202186ac98c2b1a4455fb6aa4b8852d1b734bc76c9ef3ff8785,943360a9a5818959e33aa851d0ac4831c347ca8ca4b98b4e7e95a6abb99fcb34,e010ed09d4baf4ac5efe240fbdd22264e7caf3784e7fd56d689fc430610e13cc,0d3eb13046a372114ff88ccf4c3705c1d86a0f99f77e3dd055114c14340c20d3,475b5562055bdd55989acb05306c63ebb56e4d571a76764f8c0a09e295d2fd0e,c3b84630fef700df056e513421131824d69ab659b81c366f9f5e866eabceb6a8,0.186051117,0.194943920,0000
804,001a,0010,e3b0c44298fc1c149afbf4c8996fb92427ae41e4649b934ca495991b7852b855,e3b0c44298fc1c149afbf4c8996fb92427ae41e4649b934ca495991b7852b855,e91c6d101a1170a04ff12f4fd9acfd3e0a7cd134fb5b4622b7cf8e52f444a78c,943360a9a5818959e33aa851d0ac4831c347ca8ca4b98b4e7e95a6abb99fcb34,e010ed09d4baf4ac5efe240fbdd22264e7caf3784e7fd56d689fc430610e13cc,0d3eb13046a372114ff88ccf4c3705c1d86a0f99f77e3dd055114c14340c20d3,41a99aea38748d2fb4b6a0bbaf3b86debb3408e1de8a783d2e230ff27191a532,a24b5ac0d00da9831cb97436dbf5e3c0573a36581f09b88845aacef76a525f00,0.184027286,0.194964146,0000
805,001a,0010,e3b0c44298fc1c149afbf4c8996fb92427ae41e4649b934ca495991b7852b855,e3b0c44298fc1c149afbf4c8996fb92427ae41e4649b934ca495991b7852b855,d3c1a820048778d83817abae24f0e96bdfeb505c2122871d9a3b5e8a947fc42e,943360a9a5818959e33aa851d0ac4831c347ca8ca4b98b4e7e95a6abb99fcb34,e010ed09d4baf4ac5efe240fbdd22264e7caf3784e7fd56d689fc430610e13cc,0d3eb13046a372114ff88ccf4c3705c1d86a0f99f77e3dd055114c14340c20d3,dd773f14f867d6d9c9d3f7d2edc83a2a69c7894c2c21a1ad08cb453dda897203,8855f1f67934039e2200325e068d72aedf97e484b609c8483d5932a97355e274,0.183844177,0.195038378,0000
806,001a,0010,e3b0c44298fc1c149afbf4c8996fb92427ae41e4649b934ca495991b7852b855,e3b0c44298fc1c149afbf4c8996fb92427ae41e4649b934ca495991b7852b855,c7c196f8278aa7f40cc3fb93234939cc178eb274c098bdca940711ee34295000,943360a9a5818959e33aa851d0ac4831c347ca8ca4b98b4e7e95a6abb99fcb34,e010ed09d4baf4ac5efe240fbdd22264e7caf3784e7fd56d689fc430610e13cc,0d3eb13046a372114ff88ccf4c3705c1d86a0f99f77e3dd055114c14340c20d3,5eb7878a5ac4e6333609193cfd0b09998512ff9abe49357b107141f946adcd3d,44126c4c18e6e8df35647bd4ff18a6acfa1369c7a911f5db4f8769be6bf5890c,0.184021651,0.195973901,0000
807,001a,0010,e3b0c44298fc1c149afbf4c8996fb92427ae41e4649b934ca495991b7852b855,e3b0c44298fc1c149afbf4c8996fb92427ae41e4649b934ca495991b7852b855,ca9d3c869b1d1e59e9fcba0d12f6841fac8fd0f1dbc26dbc484215f38a74d484,943360a9a5818959e33aa851d0ac4831c347ca8ca4b98b4e7e95a6abb99fcb34,e010ed09d4baf4ac5efe240fbdd22264e7caf3784e7fd56d689fc430610e13cc,0d3eb13046a372114ff88ccf4c3705c1d86a0f99f77e3dd055114c14340c20d3,2f5a1253714d3c67454ec31a6085e54015d4107c53563d5156b8515d52a13d91,f9ba690fa3eff50c7cbf44552f4d81d3952a5144aba123ea06b0101a7adfec94,0.183939467,0.196044858,0000
808,001a,0010,e3b0c44298fc1c149afbf4c8996fb92427ae41e4649b934ca495991b7852b855,e3b0c44298fc1c149afbf4c8996fb92427ae41e4649b934ca495991b7852b855,4f9f2e88cdb0b435cb40ce070c7d4bd9afbc2aa2b904d81136f092e49599226a,943360a9a5818959e33aa851d0ac4831c347ca8ca4b98b4e7e95a6abb99fcb34,e010ed09d4baf4ac5efe240fbdd22264e7caf3784e7fd56d689fc430610e13cc,0d3eb13046a372114ff88ccf4c3705c1d86a0f99f77e3dd055114c14340c20d3,ce9751dc35dae6622c53c31f8559f117f73ff7df91998e232db607b0321c1209,e930b5ced5a442f6ee297ccc90cd89e34165eba3501051c17c80e091fcd8d923,0.183944564,0.195156397,0000
809,001a,0010,e3b0c44298fc1c149afbf4c8996fb92427ae41e4649b934ca495991b7852b855,e3b0c44298fc1c149afbf4c8996fb92427ae41e4649b934ca495991b7852b855,e12db6487ddcb95b04bd24f24a96608c683851dc8a4e28cf90acb024472f572b,943360a9a5818959e33aa851d0ac4831c347ca8ca4b98b4e7e95a6abb99fcb34,e010ed09d4baf4ac5efe240fbdd22264e7caf3784e7fd56d689fc430610e13cc,0d3eb13046a372114ff88ccf4c3705c1d86a0f99f77e3dd055114c14340c20d3,2037c4818349acc8d4617575ea17da0e8bb80c2b4a1983b345dade0792e2b366,d6cc8d61d241a559519ffc551f42d426a98420e9e1ec1100df1383a22cfcc772,0.186026287,0.194863110,0000
810,001a,0010,e3b0c44298fc1c149afbf4c8996fb92427ae41e4649b934ca495991b7852b855,e3b0c44298fc1c149afbf4c8996fb92427ae41e4649b934ca495991b7852b855,39805350d370434a4677e7fdf02e4742adabbaaf40356974dd4e3bca46aae9e9,943360a9a5818959e33aa851d0ac4831c347ca8ca4b98b4e7e95a6abb99fcb34,e010ed09d4baf4ac5efe240fbdd22264e7caf3784e7fd56d689fc430610e13cc,0d3eb13046a372114ff88ccf4c3705c1d86a0f99f77e3dd055114c14340c20d3,5398997d91828535eac1cc8b7c0eb5912b75e136b5873e42d036a1f614b3ece1,6c2161c02f34f180d91a8345fa04057dd7937a70f019ab80209a752b73c2d60b,0.184051112,0.195043526,0000
811,001a,0010,e3b0c44298fc1c149afbf4c8996fb92427ae41e4649b934ca495991b7852b855,e3b0c44298fc1c149afbf4c8996fb92427ae41e4649b934ca495991b7852b855,ddef3edd04be6f9ad13d3352ebf97cb423fdfe86a140a5b3ae3c465e4ec1a860,943360a9a5818959e33aa851d0ac4831c347ca8ca4b98b4e7e95a6abb99fcb34,e010ed09d4baf4ac5efe240fbdd22264e7caf3784e7fd56d689fc430610e13cc,0d3eb13046a372114ff88ccf4c3705c1d86a0f99f77e3dd055114c14340c20d3,97e93528187f4531509691006998704e94781f202a73d5ec452899f54dd9281a,da291016b58e7bdc5ffb844eb85915f73038cbfc31105f979c87c8ec113c2ef1,0.184059511,0.193944302,0000
812,001a,0010,e3b0c44298fc1c149afbf4c8996fb92427ae41e4649b934ca495991b7852b855,e3b0c44298fc1c149afbf4c8996fb92427ae41e4649b934ca495991b7852b855,7152c9e173d961488330ad2c29ca6d229104b399b820baf23ec1cd8f4d8c868d,943360a9a5818959e33aa851d0ac4831c347ca8ca4b98b4e7e95a6abb99fcb34,e010ed09d4baf4ac5efe240fbdd22264e7caf3784e7fd56d689fc430610e13cc,0d3eb13046a372114ff88ccf4c3705c1d86a0f99f77e3dd055114c14340c20d3,ad79e21a797f40fc815b944df604dac49d8fb062245f5d9e9044e9ca3d71968b,ba655474f2157173ff3ea8898c0441c8999840265c08e9ed98e10f5ca121d104,0.183944506,0.194934187,0000
813,001a,0010,e3b0c44298fc1c149afbf4c8996fb92427ae41e4649b934ca495991b7852b855,e3b0c44298fc1c149afbf4c8996fb92427ae41e4649b934ca495991b7852b855,53d54885ed2b5d4dca8c5acabad3c9008cfa834e59a139cbf0132c766d01ad63,943360a9a5818959e33aa851d0ac4831c347ca8ca4b98b4e7e95a6abb99fcb34,e010ed09d4baf4ac5efe240fbdd22264e7caf3784e7fd56d689fc430610e13cc,0d3eb13046a372114ff88ccf4c3705c1d86a0f99f77e3dd055114c14340c20d3,9c5e0ef475b24ce6de1abd4deea8a24f4c2ce690ec662eb79e0c1c1ea8a8b5e3,615fa6ef33f69a5a6959240707f27d5d868b184fe81ffe8f26346b89859b722c,0.183841983,0.196149005,0000
814,001a,0010,e3b0c44298fc1c149afbf4c8996fb92427ae41e4649b934ca495991b7852b855,e3b0c44298fc1c149afbf4c8996fb92427ae41e4649b934ca495991b7852b855,502c2b8da4647ae6ed85b70a046b2c9cd9cd112d84b1c2321eb6af4e71096a76,943360a9a5818959e33aa851d0ac4831c347ca8ca4b98b4e7e95a6abb99fcb34,e010ed09d4baf4ac5efe240fbdd22264e7caf3784e7fd56d689fc430610e13cc,0d3eb13046a372114ff88ccf4c3705c1d86a0f99f77e3dd055114c14340c20d3,546c4c5b6e6285829a0ef4f3545ed7266585b0f9d013d80843bb7ebc6dfedc60,f471a0c0907788a85538be3aa80f325cd8abec0acd8ecf7ab53af48e8da54c7c,0.184013012,0.195082833,0000
815,001a,0010,e3b0c44298fc1c149afbf4c8996fb92427ae41e4649b934ca495991b7852b855,e3b0c44298fc1c149afbf4c8996fb92427ae41e4649b934ca495991b7852b855,cc2943323af7737e3aa11efbda6df89302bc9fd160db093f28f177e324c06a7f,943360a9a5818959e33aa851d0ac4831c347ca8ca4b98b4e7e95a6abb99fcb34,e010ed09d4baf4ac5efe240fbdd22264e7caf3784e7fd56d689fc430610e13cc,0d3eb13046a372114ff88ccf4c3705c1d86a0f99f77e3dd055114c14340c20d3,bf1fffb790bdbf13bf4c9085d7eb88ba4f57d84e584c45dd1375ea487809176a,17af57980cc6a9020212a0ede9f494c98f109bd6244dc32f0162eb5373d00d41,0.183866077,0.195048749,0000
816,001a,0010,e3b0c44298fc1c149afbf4c8996fb92427ae41e4649b934ca495991b7852b855,e3b0c44298fc1c149afbf4c8996fb92427ae41e4649b934ca495991b7852b855,3c2107aea58e6a1c2fb60bcf7e1395d4ad4f2aed201ca019863bd8cf109f71d5,943360a9a5818959e33aa851d0ac4831c347ca8ca4b98b4e7e95a6abb99fcb34,e010ed09d4baf4ac5efe240fbdd22264e7caf3784e7fd56d689fc430610e13cc,0d3eb13046a372114ff88ccf4c3705c1d86a0f99f77e3dd055114c14340c20d3,c80a05a6fbda86ddd23b2eebc8c72ca6e11690dfa1bdd70c5ae21f58d0a49e65,628d7d2307b9ae903d5e46766c3e4ba15bf8666190a554f97ebbc7e82c029b0c,0.183050921,0.195020585,0000
817,001a,0010,e3b0c44298fc1c149afbf4c8996fb92427ae41e4649b934ca495991b7852b855,e3b0c44298fc1c149afbf4c8996fb92427ae41e4649b934ca495991b7852b855,931768099506c7718b1d6574d66a64ccb9796e42e3b7209266a0c06160c60611,943360a9a5818959e33aa851d0ac4831c347ca8ca4b98b4e7e95a6abb99fcb34,e010ed09d4baf4ac5efe240fbdd22264e7caf3784e7fd56d689fc430610e13cc,0d3eb13046a372114ff88ccf4c3705c1d86a0f99f77e3dd055114c14340c20d3,ec78f858f38c3963ee5ad3adca98f78f964076b0b8522d0aa90d2b0aa693ea43,40857957b2815064f8648892c9e1e69cab39e12c5d26aae08ba42d0195f93222,0.183842367,0.195051959,0000
818,001a,0010,e3b0c44298fc1c149afbf4c8996fb92427ae41e4649b934ca495991b7852b855,e3b0c44298fc1c149afbf4c8996fb92427ae41e4649b934ca495991b7852b855,f0077ccf826cb390e612d0242303c2e01e1ef9569a24fa2dc7bb75e7f7936cfc,943360a9a5818959e33aa851d0ac4831c347ca8ca4b98b4e7e95a6abb99fcb34,e010ed09d4baf4ac5efe240fbdd22264e7caf3784e7fd56d689fc430610e13cc,0d3eb13046a372114ff88ccf4c3705c1d86a0f99f77e3dd055114c14340c20d3,6f675102a42fc73ae47ddad448e72a71badd40338fc3dea940cf9cd8b54c5a0a,b190caee87420f8fd81fb113a0d68e4f49bf55efb6c7bb9d84c0a0fcf92a09ac,0.186048108,0.196043272,0000
819,001a,0010,e3b0c44298fc1c149afbf4c8996fb92427ae41e4649b934ca495991b7852b855,e3b0c44298fc1c149afbf4c8996fb92427ae41e4649b934ca495991b7852b855,08f204a9832fead70d2366a2c31a01cd87e8fe7fcd1ffe43541d241c68d45948,943360a9a5818959e33aa851d0ac4831c347ca8ca4b98b4e7e95a6abb99fcb34,e010ed09d4baf4ac5efe240fbdd22264e7caf3784e7fd56d689fc430610e13cc,0d3eb13046a372114ff88ccf4c3705c1d86a0f99f77e3dd055114c14340c20d3,50c8759861fd3025598c5f7a39961d2b5351a54e06988ab22fd26ece9c10186e,f5e5f86279cf156af51e0887f74fb638e5735c926eb65f88661b6b63d1d13e3b,0.184046829,0.194944475,0000
820,001a,0010,e3b0c44298fc1c149afbf4c8996fb92427ae41e4649b934ca495991b7852b855,e3b0c44298fc1c149afbf4c8996fb92427ae41e4649b934ca495991b7852b855,f47d5bb753a0ce3c90620c50410febed26c34792f7d02764d69e1002bcd3985d,943360a9a5818959e33aa851d0ac4831c347ca8ca4b98b4e7e95a6abb99fcb34,e010ed09d4baf4ac5efe240fbdd22264e7caf3784e7fd56d689fc430610e13cc,0d3eb13046a372114ff88ccf4c3705c1d86a0f99f77e3dd055114c14340c20d3,0cd52c08507436cdaa425ab82ddfae1c6f229327dfb60d5a9f0b0eba3b2b1c8e,7148a3471e99cad67274d4298cb052bda17184a3d3191f6e32ae0911465eef00,0.183945144,0.195044912,0000
821,001a,0010,e3b0c44298fc1c149afbf4c8996fb92427ae41e4649b934ca495991b7852b855,e3b0c44298fc1c149afbf4c8996fb92427ae41e4649b934ca495991b7852b855,42ed5818baff76aa08774463b1c2a3b21b906189039cc10c90ff4521e828d51d,943360a9a5818959e33aa851d0ac4831c347ca8ca4b98b4e7e95a6abb99fcb34,e010ed09d4baf4ac5efe240fbdd22264e7caf3784e7fd56d689fc430610e13cc,0d3eb13046a372114ff88ccf4c3705c1d86a0f99f77e3dd055114c14340c20d3,a31b839e36b849bb6a1dca3997954afd68f1841b39a2ca2906701a5467397d20,fc9216cbb0318316fff6ba18216dd13a1e40640e4394f7bd295bb45caea6799e,0.183842441,0.195049270,0000
822,001a,0010,e3b0c44298fc1c149afbf4c8996fb92427ae41e4649b934ca495991b7852b855,e3b0c44298fc1c149afbf4c8996fb92427ae41e4649b934ca495991b7852b855,f6c4cbb1e1170fcccb3deee0de72078354049399e97a0440aa80fe5ecf53b753,943360a9a5818959e33aa851d0ac4831c347ca8ca4b98b4e7e95a6abb99fcb34,e010ed09d4baf4ac5efe240fbdd22264e7caf3784e7fd56d689fc430610e13cc,0d3eb13046a372114ff88ccf4c3705c1d86a0f99f77e3dd055114c14340c20d3,61b50700c81e9b8ed0aa5d90926175d32c528c8a43c89b211199db1b590b58b7,2b9badaa1c7b821735708ee33bf3b6937af8d4aa4488786dba5aaaae0bf08145,0.183947637,0.196046144,0000
823,001a,0010,e3b0c44298fc1c149afbf4c8996fb92427ae41e4649b934ca495991b7852b855,e3b0c44298fc1c149afbf4c8996fb92427ae41e4649b934ca495991b7852b855,a01acf6a9a115d7f82ffaefb9f9e3d5133d0308098557fbac4425ee411b7c1ed,943360a9a5818959e33aa851d0ac4831c347ca8ca4b98b4e7e95a6abb99fcb34,e010ed09d4baf4ac5efe240fbdd22264e7caf3784e7fd56d689fc430610e13cc,0d3eb13046a372114ff88ccf4c3705c1d86a0f99f77e3dd055114c14340c20d3,012d0f593b348c97afec6b6a15eeb2b47ad40d3aa63b9257fd01a9859e2168bc,c2773a7db1b2c3fe7a1cf9c3a03f78ead66bb57c7873999a2534ecb83a272de5,0.186161244,0.195931790,0000
824,001a,0010,e3b0c44298fc1c149afbf4c8996fb92427ae41e4649b934ca495991b7852b855,e3b0c44298fc1c149afbf4c8996fb92427ae41e4649b934ca495991b7852b855,718fda96a65fc943e8ca24e710d7697d3349eae94b7f6a86703ec05214c73f62,943360a9a5818959e33aa851d0ac4831c347ca8ca4b98b4e7e95a6abb99fcb34,e010ed09d4baf4ac5efe240fbdd22264e7caf3784e7fd56d689fc430610e13cc,0d3eb13046a372114ff88ccf4c3705c1d86a0f99f77e3dd055114c14340c20d3,61739a5bdb8cfd4481307da75daa94d6a9e818d1d86902b911c7341051541013,8ee05d459741279ec444c8ec1663d567bd36b1c03915104a20844afd844ef823,0.183942659,0.195050794,0000
825,001a,0010,e3b0c44298fc1c149afbf4c8996fb92427ae41e4649b934ca495991b7852b855,e3b0c44298fc1c149afbf4c8996fb92427ae41e4649b934ca495991b7852b855,1ac34757c064ebfd020b63a8ee43abc7b8aa4977eca4d723ff7a83bc6a8c29cd,943360a9a5818959e33aa851d0ac4831c347ca8ca4b98b4e7e95a6abb99fcb34,e010ed09d4baf4ac5efe240fbdd22264e7caf3784e7fd56d689fc430610e13cc,0d3eb13046a372114ff88ccf4c3705c1d86a0f99f77e3dd055114c14340c20d3,7d50f4a01c3380b9dac0416a34204d671d5731f9cd6ff6a667ca0a622fcce154,3cd46fa16b9942fec741cfd3e131384924176cba7d57d9fc1294ec9302f1a5cf,0.183946786,0.195044486,0000
826,001a,0010,e3b0c44298fc1c149afbf4c8996fb92427ae41e4649b934ca495991b7852b855,e3b0c44298fc1c149afbf4c8996fb92427ae41e4649b934ca495991b7852b855,4f865d9ae26433858f9a1c9c17f94a5fdec5738f05fd464555c497acd19852c2,943360a9a5818959e33aa851d0ac4831c347ca8ca4b98b4e7e95a6abb99fcb34,e010ed09d4baf4ac5efe240fbdd22264e7caf3784e7fd56d689fc430610e13cc,0d3eb13046a372114ff88ccf4c3705c1d86a0f99f77e3dd055114c14340c20d3,5fce5ae36e74e97d7e0d126e403bb28cc0459984c97c77155da461845c4ee86b,2f3932b3910c16a98119021cd9df28235bd5e0bb94409ef586c06efeb9784c32,0.183834574,0.195057679,0000
827,001a,0010,e3b0c44298fc1c149afbf4c8996fb92427ae41e4649b934ca495991b7852b855,e3b0c44298fc1c149afbf4c8996fb92427ae41e4649b934ca495991b7852b855,455a89c1b538de73c163d00fbaa102aed5517c83bc65285e0e06a4c627463683,943360a9a5818959e33aa851d0ac4831c347ca8ca4b98b4e7e95a6abb99fcb34,e010ed09d4baf4ac5efe240fbdd22264e7caf3784e7fd56d689fc430610e13cc,0d3eb13046a372114ff88ccf4c3705c1d86a0f99f77e3dd055114c14340c20d3,5185bae036b0e0fc2cadba5c923082515aef583ce86891fa60d1a24825e0e73b,a4d6bf7ff369990f8c871d44c31555f29f553b9812a134571d3eed1de208bd3d,0.184065496,0.195925173,0000
828,001a,0010,e3b0c44298fc1c149afbf4c8996fb92427ae41e4649b934ca495991b7852b855,e3b0c44298fc1c149afbf4c8996fb92427ae41e4649b934ca495991b7852b855,e2a5ef00809d3f5505aed1177686d8b8c6ecf99ec132101794333fe83c7795d0,943360a9a5818959e33aa851d0ac4831c347ca8ca4b98b4e7e95a6abb99fcb34,e010ed09d4baf4ac5efe240fbdd22264e7caf3784e7fd56d689fc430610e13cc,0d3eb13046a372114ff88ccf4c3705c1d86a0f99f77e3dd055114c14340c20d3,9b801d782c5027254fc694fa1d47ba1ab4213275c031f4069e8347875118b918,1d026cc9ac27de3638359bc85a4bb29b9e07ef44bcb9104ed5d41f1756f004e4,0.183909040,0.196186118,0000
829,001a,0010,e3b0c44298fc1c149afbf4c8996fb92427ae41e4649b934ca495991b7852b855,e3b0c44298fc1c149afbf4c8996fb92427ae41e4649b934ca495991b7852b855,d85c9b991451b18c04ad0872184d033377666b8aa3e9135d3ae5c5e2aeafd0a1,943360a9a5818959e33aa851d0ac4831c347ca8ca4b98b4e7e95a6abb99fcb34,e010ed09d4baf4ac5efe240fbdd22264e7caf3784e7fd56d689fc430610e13cc,0d3eb13046a372114ff88ccf4c3705c1d86a0f99f77e3dd055114c14340c20d3,5f9dd9d129dcae3bbe2342003fc4ac38fa2b6e35b81763b98931147c809e5a22,62cbd07838366ad40c698fd3e1dd65a7e42e89aca24b7fc2c085cb11477602a6,0.183843204,0.193942118,0000
830,001a,0010,e3b0c44298fc1c149afbf4c8996fb92427ae41e4649b934ca495991b7852b855,e3b0c44298fc1c149afbf4c8996fb92427ae41e4649b934ca495991b7852b855,b60bf1d5ee81e619ddc3d92b1cb7f0b68161156d66e4eaeb8c3eb749dde523c0,943360a9a5818959e33aa851d0ac4831c347ca8ca4b98b4e7e95a6abb99fcb34,e010ed09d4baf4ac5efe240fbdd22264e7caf3784e7fd56d689fc430610e13cc,0d3eb13046a372114ff88ccf4c3705c1d86a0f99f77e3dd055114c14340c20d3,56c813f6b4aea2cbc18d256c2ca76ccbf4ab72d920b25103cb7d5d8a48f2cfac,4c59e4dadd9d14390c5b362b5072b0d5d8de19ae3921020d500f3dc3c807a987,0.186168685,0.196029957,0000
831,001a,0010,e3b0c44298fc1c149afbf4c8996fb92427ae41e4649b934ca495991b7852b855,e3b0c44298fc1c149afbf4c8996fb92427ae41e4649b934ca495991b7852b855,db74e7894a7a64c9b8e30e0cd3373d8fa181cd9d905c7f86f67012110a3563a1,943360a9a5818959e33aa851d0ac4831c347ca8ca4b98b4e7e95a6abb99fcb34,e010ed09d4baf4ac5efe240fbdd22264e7caf3784e7fd56d689fc430610e13cc,0d3eb13046a372114ff88ccf4c3705c1d86a0f99f77e3dd055114c14340c20d3,5b064e238cdb193dc55b6e36334b0a037c22c7ea5981d7d862267147c17c9655,b9d433b97645f8f16a10c780318e80f5fa163eb1454194ae3afa10779b9548f8,0.183945971,0.195045256,0000
832,001a,0010,e3b0c44298fc1c149afbf4c8996fb92427ae41e4649b934ca495991b7852b855,e3b0c44298fc1c149afbf4c8996fb92427ae41e4649b934ca495991b7852b855,28966bef6f65823a2624332805afafb26cba8449b4b0a37227f5b90891a721da,943360a9a5818959e33aa851d0ac4831c347ca8ca4b98b4e7e95a6abb99fcb34,e010ed09d4baf4ac5efe240fbdd22264e7caf3784e7fd56d689fc430610e13cc,0d3eb13046a372114ff88ccf4c3705c1d86a0f99f77e3dd055114c14340c20d3,30ada0c86ed22bc795a930d9bc7c2b138a228b387147eee0ef331ebea0af23cc,918c58ad7b06aa8b1f6228fd4dfff1579648578be0ffbfa026e6fa8c6d098aba,0.183969327,0.194944803,0000
833,001a,0010,e3b0c44298fc1c149afbf4c8996fb92427ae41e4649b934ca495991b7852b855,e3b0c44298fc1c149afbf4c8996fb92427ae41e4649b934ca495991b7852b855,0f55db7af0f7b8b8157b595210fbd5e39dd7c030b803fcbc2a1b14fee85cd45a,943360a9a5818959e33aa851d0ac4831c347ca8ca4b98b4e7e95a6abb99fcb34,e010ed09d4baf4ac5efe240fbdd22264e7caf3784e7fd56d689fc430610e13cc,0d3eb13046a372114ff88ccf4c3705c1d86a0f99f77e3dd055114c14340c20d3,eba9cd27f023f97ea2aff7d7ea2a1130ad45a70f49c210744b0779c8173c9882,3fd4eee82666403f9cb451cd732fb180d55b15aa784276d7f178fa8da0561945,0.183947206,0.196022534,0000
834,001a,0010,e3b0c44298fc1c149afbf4c8996fb92427ae41e4649b934ca495991b7852b855,e3b0c44298fc1c149afbf4c8996fb92427ae41e4649b934ca495991b7852b855,c6ced42765d9fee8ac7723a320a6fa9ea99bd7be1da3ba68d32ed4e775f8f86d,943360a9a5818959e33aa851d0ac4831c347ca8ca4b98b4e7e95a6abb99fcb34,e010ed09d4baf4ac5efe240fbdd22264e7caf3784e7fd56d689fc430610e13cc,0d3eb13046a372114ff88ccf4c3705c1d86a0f99f77e3dd055114c14340c20d3,8872d3881feca5989e1534bf9395ceb186128ed1d4b1382c5ff643ee4ea8fb48,48fd744929c22ae84a6e630167eceb20dbd143bc4ce8c554f91b2b60af03de60,0.183821402,0.196052137,0000
835,001a,0010,e3b0c44298fc1c149afbf4c8996fb92427ae41e4649b934ca495991b7852b855,e3b0c44298fc1c149afbf4c8996fb92427ae41e4649b934ca495991b7852b855,53907dee2803b1b2ee00b6cfa1c98ab7f8e7f584c29a77f855bb000499772eca,943360a9a5818959e33aa851d0ac4831c347ca8ca4b98b4e7e95a6abb99fcb34,e010ed09d4baf4ac5efe240fbdd22264e7caf3784e7fd56d689fc430610e13cc,0d3eb13046a372114ff88ccf4c3705c1d86a0f99f77e3dd055114c14340c20d3,8f1eec76eafe7a4c2d7e679064d6ce224752e10397d88a4a7d2470185d27252b,5cc8127102d8eda57aba06e4825f3357fb4809030f24da4ce54fd8d0b0c04cba,0.185828633,0.194163145,0000
836,001a,0010,e3b0c44298fc1c149afbf4c8996fb92427ae41e4649b934ca495991b7852b855,e3b0c44298fc1c149afbf4c8996fb92427ae41e4649b934ca495991b7852b855,dbcbd68bb7aef91a031e060710b3c3049d2b555231677f5498773baf58108e4f,943360a9a5818959e33aa851d0ac4831c347ca8ca4b98b4e7e95a6abb99fcb34,e010ed09d4baf4ac5efe240fbdd22264e7caf3784e7fd56d689fc430610e13cc,0d3eb13046a372114ff88ccf4c3705c1d86a0f99f77e3dd055114c14340c20d3,e368a27097ae52f508f573c0f0e174697252b15c505fba32038c47dcc3281ad1,ed256f974fd582bb6741ecb70678633cde59038f71054b85f1e0faa59ec52674,0.183822732,0.194168384,0000
837,001a,0010,e3b0c44298fc1c149afbf4c8996fb92427ae41e4649b934ca495991b7852b855,e3b0c44298fc1c149afbf4c8996fb92427ae41e4649b934ca495991b7852b855,b24065792f8fc27727b070a1128ffd66b40ded8e71278519d629f4d40bc026b5,943360a9a5818959e33aa851d0ac4831c347ca8ca4b98b4e7e95a6abb99fcb34,e010ed09d4baf4ac5efe240fbdd22264e7caf3784e7fd56d689fc430610e13cc,0d3eb13046a372114ff88ccf4c3705c1d86a0f99f77e3dd055114c14340c20d3,da750b232c57acc74a021c989244c6e56d2691ff4efc41d7ca5ba96e5ba2cf5d,a7fa38050bf1b2483efbe0b8b0054b133f06b2ce38a9b8f10a44ed5a6d062028,0.183941488,0.196273923,0000
838,001a,0010,e3b0c44298fc1c149afbf4c8996fb92427ae41e4649b934ca495991b7852b855,e3b0c44298fc1c149afbf4c8996fb92427ae41e4649b934ca495991b7852b855,f0544549bceb4deda91f5d8c4451548a06a324a05d1c65c0bef33bbeec541e61,943360a9a5818959e33aa851d0ac4831c347ca8ca4b98b4e7e95a6abb99fcb34,e010ed09d4baf4ac5efe240fbdd22264e7caf3784e7fd56d689fc430610e13cc,0d3eb13046a372114ff88ccf4c3705c1d86a0f99f77e3dd055114c14340c20d3,5d5079ff221d2d41fbcc89075ee2df5c7d0433fb00f7e1d02e02a0453a72dc0f,14e289cf4979f8f42a4639b16bbfaddb4dec3f3058c5cf06f6d0d96517a27420,0.184026557,0.194966638,0000
839,001a,0010,e3b0c44298fc1c149afbf4c8996fb92427ae41e4649b934ca495991b7852b855,e3b0c44298fc1c149afbf4c8996fb92427ae41e4649b934ca495991b7852b855,92b5c5921e19024c754d24b292d2fd066f7d8cadf5a0ded3c98c5d6b241b68d6,943360a9a5818959e33aa851d0ac4831c347ca8ca4b98b4e7e95a6abb99fcb34,e010ed09d4baf4ac5efe240fbdd22264e7caf3784e7fd56d689fc430610e13cc,0d3eb13046a372114ff88ccf4c3705c1d86a0f99f77e3dd055114c14340c20d3,4187dbfe99686913e4bf47eed540d97718889325478ad8df57aab244a043d58a,7741900c0e4a354860920c540293e8955b3f86e9e913a6d8a22010b3af405996,0.185944096,0.193938019,0000
840,001a,0010,e3b0c44298fc1c149afbf4c8996fb92427ae41e4649b934ca495991b7852b855,e3b0c44298fc1c149afbf4c8996fb92427ae41e4649b934ca495991b7852b855,58305c930f4885f410a3302a2a72afaed05f8de773a349502fba93a58a3ce172,943360a9a5818959e33aa851d0ac4831c347ca8ca4b98b4e7e95a6abb99fcb34,e010ed09d4baf4ac5efe240fbdd22264e7caf3784e7fd56d689fc430610e13cc,0d3eb13046a372114ff88ccf4c3705c1d86a0f99f77e3dd055114c14340c20d3,6a5803ac829816e786095eb94c92483833148749a42d4d2b17b4e4a0b7687d44,04ab83f973c02db2b19564329c37dcdbba4fcd70bd6dbc98893f76c57a449c7e,0.183957456,0.196035106,0000
841,001a,0010,e3b0c44298fc1c149afbf4c8996fb92427ae41e4649b934ca495991b7852b855,e3b0c44298fc1c149afbf4c8996fb92427ae41e4649b934ca495991b7852b855,afacc1eab44e5016e614c9beda5b23261dc3809231b65b9a746e43cebb247844,943360a9a5818959e33aa851d0ac4831c347ca8ca4b98b4e7e95a6abb99fcb34,e010ed09d4baf4ac5efe240fbdd22264e7caf3784e7fd56d689fc430610e13cc,0d3eb13046a372114ff88ccf4c3705c1d86a0f99f77e3dd055114c14340c20d3,c63ac23a756ee831799c3368180090b0349d5acad533c0cabd1a9ca820196a80,bd90335c679b56097ea932f047c32fda89744275edadd43df39345035230724f,0.184042728,0.195054830,0000
842,001a,0010,e3b0c44298fc1c149afbf4c8996fb92427ae41e4649b934ca495991b7852b855,e3b0c44298fc1c149afbf4c8996fb92427ae41e4649b934ca495991b7852b855,698baa12dd6a53c823f6dbe41f7fb639ccf53ae42f6e2d24777cc1d82915b2b1,943360a9a5818959e33aa851d0ac4831c347ca8ca4b98b4e7e95a6abb99fcb34,e010ed09d4baf4ac5efe240fbdd22264e7caf3784e7fd56d689fc430610e13cc,0d3eb13046a372114ff88ccf4c3705c1d86a0f99f77e3dd055114c14340c20d3,3102f2c9ea0c6eff62baef22184531ffd969dbaeeb86aa592ada1fd2808b6349,664352125b27e4d970fa4fad9e3a6a4259a24a8fb674363a448bb9581d559975,0.184070517,0.194943704,0000
843,001a,0010,e3b0c44298fc1c149afbf4c8996fb92427ae41e4649b934ca495991b7852b855,e3b0c44298fc1c149afbf4c8996fb92427ae41e4649b934ca495991b7852b855,81b94e6a5353163d5b7d89a77a0ec13b7a207ff85c0c131c3b8d2e5bc9b19118,943360a9a5818959e33aa851d0ac4831c347ca8ca4b98b4e7e95a6abb99fcb34,e010ed09d4baf4ac5efe240fbdd22264e7caf3784e7fd56d689fc430610e13cc,0d3eb13046a372114ff88ccf4c3705c1d86a0f99f77e3dd055114c14340c20d3,10e06ba78d1602713a6f3e62ae9d9e6494b943a13a631ddb5b4a7fa5e52ca92b,9e948a702f6cf3e5da0e63ffab1e5e09ca80f26b518909a2de2654780a8efa90,0.184019922,0.194949618,0000
844,001a,0010,e3b0c44298fc1c149afbf4c8996fb92427ae41e4649b934ca495991b7852b855,e3b0c44298fc1c149afbf4c8996fb92427ae41e4649b934ca495991b7852b855,5f375b3201a313c9973f6bd70c8a7799ed100c41403f1b23850ac8a1d7410d83,943360a9a5818959e33aa851d0ac4831c347ca8ca4b98b4e7e95a6abb99fcb34,e010ed09d4baf4ac5efe240fbdd22264e7caf3784e7fd56d689fc430610e13cc,0d3eb13046a372114ff88ccf4c3705c1d86a0f99f77e3dd055114c14340c20d3,50367dc1000e7f38e70c3b335884837921792dc33c70f74e90710b1bac8cfe02,839865d0731a734cf578a9f4ac881392852a961af76862e423e9d2380592a798,0.183760163,0.194045199,0000
845,001a,0010,e3b0c44298fc1c149afbf4c8996fb92427ae41e4649b934ca495991b7852b855,e3b0c44298fc1c149afbf4c8996fb92427ae41e4649b934ca495991b7852b855,7c69161e51c5da8f4b94260f96a6cc98e9c57d67f43ce039d551fe46ea93a166,943360a9a5818959e33aa851d0ac4831c347ca8ca4b98b4e7e95a6abb99fcb34,e010ed09d4baf4ac5efe240fbdd22264e7caf3784e7fd56d689fc430610e13cc,0d3eb13046a372114ff88ccf4c3705c1d86a0f99f77e3dd055114c14340c20d3,e3d630e517b32de1400f9ed82cc951c64c2a2657b45ef1b31ef7503362883bb2,26d605e23726417fb412c1c27640c57de9cc784952df0cf1974f45515e4b390d,0.184046889,0.196132208,0000
846,001a,0010,e3b0c44298fc1c149afbf4c8996fb92427ae41e4649b934ca495991b7852b855,e3b0c44298fc1c149afbf4c8996fb92427ae41e4649b934ca495991b7852b855,67cd278a8956e8f37e799b757b7702c7e171e77984cc80f310878690af2114bc,943360a9a5818959e33aa851d0ac4831c347ca8ca4b98b4e7e95a6abb99fcb34,e010ed09d4baf4ac5efe240fbdd22264e7caf3784e7fd56d689fc430610e13cc,0d3eb13046a372114ff88ccf4c3705c1d86a0f99f77e3dd055114c14340c20d3,dd0311aa4241ca4c121cfbd41f758aed5366956bfd8abececd75c8586d613722,5e059da76caed98f4fb339a5ac87d10fa51a282ba6ed23b1f32ba1c09fdaf96c,0.183842267,0.195048675,0000
847,001a,0010,e3b0c44298fc1c149afbf4c8996fb92427ae41e4649b934ca495991b7852b855,e3b0c44298fc1c149afbf4c8996fb92427ae41e4649b934ca495991b7852b855,2ef52e618639a1e00ddcdf88834ac1c1b6c955d20d98194d05541d06c8b4c01e,943360a9a5818959e33aa851d0ac4831c347ca8ca4b98b4e7e95a6abb99fcb34,e010ed09d4baf4ac5efe240fbdd22264e7caf3784e7fd56d689fc430610e13cc,0d3eb13046a372114ff88ccf4c3705c1d86a0f99f77e3dd055114c14340c20d3,2338485e8894b55bf070809986bd09f808a0b98139d85c2e3407a2afdc8fb2cb,3aa16e4583e70b5f8201e658a89add39870e4dd6dfde196cd757fe6604ca43e5,0.183943728,0.196053376,0000
848,001a,0010,e3b0c44298fc1c149afbf4c8996fb92427ae41e4649b934ca495991b7852b855,e3b0c44298fc1c149afbf4c8996fb92427ae41e4649b934ca495991b7852b855,4797ab8eea6f3f495711d85234389007315a656b04559f512e109f58f0c035d5,943360a9a5818959e33aa851d0ac4831c347ca8ca4b98b4e7e95a6abb99fcb34,e010ed09d4baf4ac5efe240fbdd22264e7caf3784e7fd56d689fc430610e13cc,0d3eb13046a372114ff88ccf4c3705c1d86a0f99f77e3dd055114c14340c20d3,b381074bad1cd71e40c0adae9218be11d037a8342b4bda926a1c41ff4a289a94,87b660a183110befc831cbc751db825d78adf25b4fc32b1311bb453c8def2027,0.184058271,0.196038687,0000
849,001a,0010,e3b0c44298fc1c149afbf4c8996fb92427ae41e4649b934ca495991b7852b855,e3b0c44298fc1c149afbf4c8996fb92427ae41e4649b934ca495991b7852b855,730713fda41a2adeca853b0f5dea5f7d15186b050ece278c34e0769582ceb508,943360a9a5818959e33aa851d0ac4831c347ca8ca4b98b4e7e95a6abb99fcb34,e010ed09d4baf4ac5efe240fbdd22264e7caf3784e7fd56d689fc430610e13cc,0d3eb13046a372114ff88ccf4c3705c1d86a0f99f77e3dd055114c14340c20d3,2ab0f8b488d4926ced66a0375bd2adbb963b0caacab82e5dffe4683595767c3f,e65a2dfdb836c3059c202e299ca9bcf58f597184d753dc0199b807b6b67771a4,0.183948944,0.195040987,0000
850,001a,0010,e3b0c44298fc1c149afbf4c8996fb92427ae41e4649b934ca495991b7852b855,e3b0c44298fc1c149afbf4c8996fb92427ae41e4649b934ca495991b7852b855,f2d91bb337a5297c9de2f1a847d4bc96cdb05b5199a58cf1518fb56f308d0e3f,943360a9a5818959e33aa851d0ac4831c347ca8ca4b98b4e7e95a6abb99fcb34,e010ed09d4baf4ac5efe240fbdd22264e7caf3784e7fd56d689fc430610e13cc,0d3eb13046a372114ff88ccf4c3705c1d86a0f99f77e3dd055114c14340c20d3,bde0c2b49de93daee6792d2c6b0433e6543f816ebb7bf1f787b5908d98156eef,88ca6386e97e6c7f3d88da147542a73ae708861cf6a9e43b0198e23c1fd59a48,0.183844518,0.194041894,0000
851,001a,0010,e3b0c44298fc1c149afbf4c8996fb92427ae41e4649b934ca495991b7852b855,e3b0c44298fc1c149afbf4c8996fb92427ae41e4649b934ca495991b7852b855,e0074d1b4f02a48eae5d87d4c20a1926c7fd035da082d066990ee2825bcadad9,943360a9a5818959e33aa851d0ac4831c347ca8ca4b98b4e7e95a6abb99fcb34,e010ed09d4baf4ac5efe240fbdd22264e7caf3784e7fd56d689fc430610e13cc,0d3eb13046a372114ff88ccf4c3705c1d86a0f99f77e3dd055114c14340c20d3,2665caa663934efa9aa48678bcdc39355650a57dffd81bb99080b726f61ab8bf,4da71a2b3bed09ecd08e6f82b2471330b583c50a32b9f3d174359dcef3d52b53,0.186065093,0.194924344,0000
852,001a,0010,e3b0c44298fc1c149afbf4c8996fb92427ae41e4649b934ca495991b7852b855,e3b0c44298fc1c149afbf4c8996fb92427ae41e4649b934ca495991b7852b855,5d129da1e08b07d3fd56635d685b530dc4ad1627bc5e6d24d831e85fa3feac64,943360a9a5818959e33aa851d0ac4831c347ca8ca4b98b4e7e95a6abb99fcb34,e010ed09d4baf4ac5efe240fbdd22264e7caf3784e7fd56d689fc430610e13cc,0d3eb13046a372114ff88ccf4c3705c1d86a0f99f77e3dd055114c14340c20d3,3b0e52b4efb35a49ba98110543d6a757570d2c45bb3b887369b96ee2b673749b,ae2c6a2f5c05b2ac712bf2189af9e6aa5297c876d8dfe792f524106f5c46cdc8,0.183867501,0.196149292,0000
853,001a,0010,e3b0c44298fc1c149afbf4c8996fb92427ae41e4649b934ca495991b7852b855,e3b0c44298fc1c149afbf4c8996fb92427ae41e4649b934ca495991b7852b855,99fe1e936308c4fe6e89f48c9032a19471727a157f30bacb4f2ea16696d422b5,943360a9a5818959e33aa851d0ac4831c347ca8ca4b98b4e7e95a6abb99fcb34,e010ed09d4baf4ac5efe240fbdd22264e7caf3784e7fd56d689fc430610e13cc,0d3eb13046a372114ff88ccf4c3705c1d86a0f99f77e3dd055114c14340c20d3,f562212a9922663cfa382aa846e95e819adb5fb41e2e1bf9380c25d614d51595,0432dc5f3f5a6f6e977dcbab60c8fb39e2d456c32d3e99c1072da04de2c1453e,0.183843752,0.196130581,0000
854,001a,0010,e3b0c44298fc1c149afbf4c8996fb92427ae41e4649b934ca495991b7852b855,e3b0c44298fc1c149afbf4c8996fb92427ae41e4649b934ca495991b7852b855,146ab2657eb7ac16a364b138136a361b14b8563d3a93b8a3181d83c1158289aa,943360a9a5818959e33aa851d0ac4831c347ca8ca4b98b4e7e95a6abb99fcb34,e010ed09d4baf4ac5efe240fbdd22264e7caf3784e7fd56d689fc430610e13cc,0d3eb13046a372114ff88ccf4c3705c1d86a0f99f77e3dd055114c14340c20d3,d2acaac8caf087fb25ce715cc3ea50ce00e2c7870cc8f3259000f6e11921fb8f,737fcb90d16d0ac666c7db9839bb0f9047ef2c1f2c3a1e1f1572228ceea690e2,0.183732633,0.196152439,0000
855,001a,0010,e3b0c44298fc1c149afbf4c8996fb92427ae41e4649b934ca495991b7852b855,e3b0c44298fc1c149afbf4c8996fb92427ae41e4649b934ca495991b7852b855,7200ff8df0a7f8215d345fb28243812baf6d69998be5e00216da86d428ae6b79,943360a9a5818959e33aa851d0ac4831c347ca8ca4b98b4e7e95a6abb99fcb34,e010ed09d4baf4ac5efe240fbdd22264e7caf3784e7fd56d689fc430610e13cc,0d3eb13046a372114ff88ccf4c3705c1d86a0f99f77e3dd055114c14340c20d3,6268b399c46e386d012a3adde11570358c8a820b20c1d0b3d51c25cf33b450d1,d52745f659def4d74ad0fbcf97298037622e7388b77564a7275e2747900ec245,0.183168532,0.196029375,0000
856,001a,0010,e3b0c44298fc1c149afbf4c8996fb92427ae41e4649b934ca495991b7852b855,e3b0c44298fc1c149afbf4c8996fb92427ae41e4649b934ca495991b7852b855,6d7d45583b4c0b30a5a4fa320040c089ed51ea5b206cb552b0487dff8f7e8e7c,943360a9a5818959e33aa851d0ac4831c347ca8ca4b98b4e7e95a6abb99fcb34,e010ed09d4baf4ac5efe240fbdd22264e7caf3784e7fd56d689fc430610e13cc,0d3eb13046a372114ff88ccf4c3705c1d86a0f99f77e3dd055114c14340c20d3,58ff42874938bc588d107bd26911093c0a8510896d86cf02a4b505bbb848576e,095db4388febeb2e27d07d4b1aaf07a98fcce5f9ebf1824d4dc0f863314c47c5,0.183827552,0.194941467,0000
857,001a,0010,e3b0c44298fc1c149afbf4c8996fb92427ae41e4649b934ca495991b7852b855,e3b0c44298fc1c149afbf4c8996fb92427ae41e4649b934ca495991b7852b855,8a7aa3b6bd5ec78085a9552fb197c6031d3b67f805fa8391e132140d307f6b12,943360a9a5818959e33aa851d0ac4831c347ca8ca4b98b4e7e95a6abb99fcb34,e010ed09d4baf4ac5efe240fbdd22264e7caf3784e7fd56d689fc430610e13cc,0d3eb13046a372114ff88ccf4c3705c1d86a0f99f77e3dd055114c14340c20d3,398a7c95bff3be0d77f79a97bb263be94b9bb4c78a3ead45eb0513f3e93a6570,913a4a7fc9eb0fc02b9080f4d78e44e5eff35b3a85e34339f3e0d8a5c2bb492c,0.183887032,0.196227323,0000
858,001a,0010,e3b0c44298fc1c149afbf4c8996fb92427ae41e4649b934ca495991b7852b855,e3b0c44298fc1c149afbf4c8996fb92427ae41e4649b934ca495991b7852b855,2353fb7f5a9e31892ed47083bc938e3efb2d5bf65a3533efdfb8aa4c7ab6c501,943360a9a5818959e33aa851d0ac4831c347ca8ca4b98b4e7e95a6abb99fcb34,e010ed09d4baf4ac5efe240fbdd22264e7caf3784e7fd56d689fc430610e13cc,0d3eb13046a372114ff88ccf4c3705c1d86a0f99f77e3dd055114c14340c20d3,04726d86dd307ac3e8b8c7ea11899ed3c6c147f7bd70363a8fe1a8926d807f1b,10b9d48a115a8b99235811b39bca05228b27f6f0d5bb08fcd31456c9deda41f1,0.186065603,0.195922361,0000
859,001a,0010,e3b0c44298fc1c149afbf4c8996fb92427ae41e4649b934ca495991b7852b855,e3b0c44298fc1c149afbf4c8996fb92427ae41e4649b934ca495991b7852b855,c138eb8c10a4bf80375f12b7c0ade58920478598a38eae1a7db5ffbb35dea775,943360a9a5818959e33aa851d0ac4831c347ca8ca4b98b4e7e95a6abb99fcb34,e010ed09d4baf4ac5efe240fbdd22264e7caf3784e7fd56d689fc430610e13cc,0d3eb13046a372114ff88ccf4c3705c1d86a0f99f77e3dd055114c14340c20d3,5fd6cf456575762902764f76b09357b36ce5e3ded3b7ce160fe80cd1c6d9b025,7f70239ba4d8b2f65b8accb834b91a096d9431ea074439ac431546e7f0fd4ecb,0.183064597,0.194928691,0000
860,001a,0010,e3b0c44298fc1c149afbf4c8996fb92427ae41e4649b934ca495991b7852b855,e3b0c44298fc1c149afbf4c8996fb92427ae41e4649b934ca495991b7852b855,b4daa8ccd8b2f7f26eb6b6db37f672d1c2f5bfbc42324ee200d65aef6590ca72,943360a9a5818959e33aa851d0ac4831c347ca8ca4b98b4e7e95a6abb99fcb34,e010ed09d4baf4ac5efe240fbdd22264e7caf3784e7fd56d689fc430610e13cc,0d3eb13046a372114ff88ccf4c3705c1d86a0f99f77e3dd055114c14340c20d3,b21f16def9bbea62e7ec7062cb804fef51a3b0a768c8908c3682e9cb0588fae0,e632909b54903a9ddd72118d5de6dd2eed14e539cb5352542f9fe466bc71ec01,0.183841162,0.195152692,0000
861,001a,0010,e3b0c44298fc1c149afbf4c8996fb92427ae41e4649b934ca495991b7852b855,e3b0c44298fc1c149afbf4c8996fb92427ae41e4649b934ca495991b7852b855,f1d7de2a21124f2102bba409f111e4215f6dfe0e127765cfaf1b261587e49227,943360a9a5818959e33aa851d0ac4831c347ca8ca4b98b4e7e95a6abb99fcb34,e010ed09d4baf4ac5efe240fbdd22264e7caf3784e7fd56d689fc430610e13cc,0d3eb13046a372114ff88ccf4c3705c1d86a0f99f77e3dd055114c14340c20d3,ec88453f566494e9410d359aa52d26ed18f97bbd286611ac29437b47198ec6d8,96f8de5d639bfe6b96c69125e57ae36d0426ab3d73f0c405d346bb0fe9455e9f,0.183861822,0.196050750,0000
862,001a,0010,e3b0c44298fc1c149afbf4c8996fb92427ae41e4649b934ca495991b7852b855,e3b0c44298fc1c149afbf4c8996fb92427ae41e4649b934ca495991b7852b855,2bb9a6964543b64282d28238a5b186cf1a95fa634ffcc0c95196b0b81abc9283,943360a9a5818959e33aa851d0ac4831c347ca8ca4b98b4e7e95a6abb99fcb34,e010ed09d4baf4ac5efe240fbdd22264e7caf3784e7fd56d689fc430610e13cc,0d3eb13046a372114ff88ccf4c3705c1d86a0f99f77e3dd055114c14340c20d3,3bee98ae0fc4f56230bd25a3403c1bcbc3884ba4aef674f607ab54b6b7f97d3b,db9808eaca2cd430d1ddd8c7fa274d465ae8ed13dd22c6765c919bcea7a897bd,0.183028632,0.196042487,0000
863,001a,0010,e3b0c44298fc1c149afbf4c8996fb92427ae41e4649b934ca495991b7852b855,e3b0c44298fc1c149afbf4c8996fb92427ae41e4649b934ca495991b7852b855,92152e988bb9f15bbdb15e7e0158c70a521f6606b1c02fdae5c8cc8429a05685,943360a9a5818959e33aa851d0ac4831c347ca8ca4b98b4e7e95a6abb99fcb34,e010ed09d4baf4ac5efe240fbdd22264e7caf3784e7fd56d689fc430610e13cc,0d3eb13046a372114ff88ccf4c3705c1d86a0f99f77e3dd055114c14340c20d3,d0432d5e8d5cf2ccc294cd5b19c46bb785562052544986ea3dd28a02d7e0d568,6a6241a9f3df8485d1c8411d2af288dbb1e2dbdc3a158c819f863043878eaf73,0.183948597,0.196043629,0000
864,001a,0010,e3b0c44298fc1c149afbf4c8996fb92427ae41e4649b934ca495991b7852b855,e3b0c44298fc1c149afbf4c8996fb92427ae41e4649b934ca495991b7852b855,bae0b8ed922a70e578f45ddb320915b33ee362231faf447052ef9892422a06ac,943360a9a5818959e33aa851d0ac4831c347ca8ca4b98b4e7e95a6abb99fcb34,e010ed09d4baf4ac5efe240fbdd22264e7caf3784e7fd56d689fc430610e13cc,0d3eb13046a372114ff88ccf4c3705c1d86a0f99f77e3dd055114c14340c20d3,4dff880f0d8867d4e3d845da3d83c0cb7025271e3a2f1bcd8008bc8cb7ca9bd7,145b3180835f51452e2f1cddc51d3b6ea9f0a42481f107fd10a8ad5007984206,0.184064518,0.194930146,0000
865,001a,0010,e3b0c44298fc1c149afbf4c8996fb92427ae41e4649b934ca495991b7852b855,e3b0c44298fc1c149afbf4c8996fb92427ae41e4649b934ca495991b7852b855,92ecde89781bf104019a94786b3c14d6379364a3c387cab1b1790ba674e2f2d4,943360a9a5818959e33aa851d0ac4831c347ca8ca4b98b4e7e95a6abb99fcb34,e010ed09d4baf4ac5efe240fbdd22264e7caf3784e7fd56d689fc430610e13cc,0d3eb13046a372114ff88ccf4c3705c1d86a0f99f77e3dd055114c14340c20d3,f33e90e41e4e964c4515131696d58c90d9f646826167a440a467ff225d14093c,4b78a74542d23a934541f698dca5406d51ea65dc5d3f6fd1aed2e63b63033497,0.183977357,0.195044980,0000
866,001a,0010,e3b0c44298fc1c149afbf4c8996fb92427ae41e4649b934ca495991b7852b855,e3b0c44298fc1c149afbf4c8996fb92427ae41e4649b934ca495991b7852b855,166986a64f7c0702ed5b23a148ae411f298a9657a45b098fd7e914bf241b7b8a,943360a9a5818959e33aa851d0ac4831c347ca8ca4b98b4e7e95a6abb99fcb34,e010ed09d4baf4ac5efe240fbdd22264e7caf3784e7fd56d689fc430610e13cc,0d3eb13046a372114ff88ccf4c3705c1d86a0f99f77e3dd055114c14340c20d3,b8770963fa56d81b9dd19c3d721f3fc014c71dace973a95b9962a9417f62a758,c48ec0a37235833aa4aff05fbe14b7c33fcfb0c4c8d3f3359e7e22876020ddbb,0.183842962,0.195122431,0000
867,001a,0010,e3b0c44298fc1c149afbf4c8996fb92427ae41e4649b934ca495991b7852b855,e3b0c44298fc1c149afbf4c8996fb92427ae41e4649b934ca495991b7852b855,a32c7389c9fcf07b6baadef63176c299ee17b06619b02b9aa7cbdbaa0370c845,943360a9a5818959e33aa851d0ac4831c347ca8ca4b98b4e7e95a6abb99fcb34,e010ed09d4baf4ac5efe240fbdd22264e7caf3784e7fd56d689fc430610e13cc,0d3eb13046a372114ff88ccf4c3705c1d86a0f99f77e3dd055114c14340c20d3,9a79ad2c813c8dcce4ffa1191388095a58d82be090bd52db17697be58afdee37,af09b78fa62b88a1a0dae728886c70d8dce0352e9ea436b9ba8bed6e73778dcc,0.183946382,0.195043714,0000
868,001a,0010,e3b0c44298fc1c149afbf4c8996fb92427ae41e4649b934ca495991b7852b855,e3b0c44298fc1c149afbf4c8996fb92427ae41e4649b934ca495991b7852b855,3731930be7725e1f6961fe1ca01095b80ba96b299fb18822e1afe09414863ddb,943360a9a5818959e33aa851d0ac4831c347ca8ca4b98b4e7e95a6abb99fcb34,e010ed09d4baf4ac5efe240fbdd22264e7caf3784e7fd56d689fc430610e13cc,0d3eb13046a372114ff88ccf4c3705c1d86a0f99f77e3dd055114c14340c20d3,ed93ab978464dbd7b4e9ee014c1f32f8e3830980fde1a31bfafafc0a004ea57b,3645821ff5cef76a0f99323e57c14c8753ab3a456b2bc80ed8d4f1a374cbd9c0,0.183166304,0.193926780,0000
869,001a,0010,e3b0c44298fc1c149afbf4c8996fb92427ae41e4649b934ca495991b7852b855,e3b0c44298fc1c149afbf4c8996fb92427ae41e4649b934ca495991b7852b855,70743b6b887c2c2fa335d483361cc8908ce3d19e4e2fe94e9bf1c076b201aabf,943360a9a5818959e33aa851d0ac4831c347ca8ca4b98b4e7e95a6abb99fcb34,e010ed09d4baf4ac5efe240fbdd22264e7caf3784e7fd56d689fc430610e13cc,0d3eb13046a372114ff88ccf4c3705c1d86a0f99f77e3dd055114c14340c20d3,13bc0007264d96469c8c994769165456aac141fb172100010483d9113bce6975,ed087f488ff980c75ffbbd8672e3994fe875ddf41ab26815a5e35d2cdf964db6,0.184048870,0.194946156,0000
870,001a,0010,e3b0c44298fc1c149afbf4c8996fb92427ae41e4649b934ca495991b7852b855,e3b0c44298fc1c149afbf4c8996fb92427ae41e4649b934ca495991b7852b855,5b6857e0f4348fb98ef9d7a6a5a53e0abc2d360557443b9a38e72be19ddac7e0,943360a9a5818959e33aa851d0ac4831c347ca8ca4b98b4e7e95a6abb99fcb34,e010ed09d4baf4ac5efe240fbdd22264e7caf3784e7fd56d689fc430610e13cc,0d3eb13046a372114ff88ccf4c3705c1d86a0f99f77e3dd055114c14340c20d3,18fadd0bff0dfa873b69090b112926827a61392d716e1eea6b7af975ec9dd932,cda551e00ad11408514390d86c8f1b0f06e9fba94b59e18b30bc85155d0c8ea9,0.184071040,0.194944215,0000
871,001a,0010,e3b0c44298fc1c149afbf4c8996fb92427ae41e4649b934ca495991b7852b855,e3b0c44298fc1c149afbf4c8996fb92427ae41e4649b934ca495991b7852b855,ef42039f2773d6bf1a6dc74188936c9398217ab17d8b84080affe18b6d08a96f,943360a9a5818959e33aa851d0ac4831c347ca8ca4b98b4e7e95a6abb99fcb34,e010ed09d4baf4ac5efe240fbdd22264e7caf3784e7fd56d689fc430610e13cc,0d3eb13046a372114ff88ccf4c3705c1d86a0f99f77e3dd055114c14340c20d3,ca1eeec96393f526692f531f8d4300ba3c7a9d0b84a8046f17a26d73ee05e235,9ff2459738d75e23df5d12a84235baf7923ddfb860941c266aa02dd996c0b5d3,0.183721908,0.195022724,0000
872,001a,0010,e3b0c44298fc1c149afbf4c8996fb92427ae41e4649b934ca495991b7852b855,e3b0c44298fc1c149afbf4c8996fb92427ae41e4649b934ca495991b7852b855,c4b1917ba0aaad2c485964feb7653f97bd4f7e2d2ae7b62aca9769876bec34a6,943360a9a5818959e33aa851d0ac4831c347ca8ca4b98b4e7e95a6abb99fcb34,e010ed09d4baf4ac5efe240fbdd22264e7caf3784e7fd56d689fc430610e13cc,0d3eb13046a372114ff88ccf4c3705c1d86a0f99f77e3dd055114c14340c20d3,8c9954a1ae7242c369762df719bb7e133175e25683bdb0cd1fa94be94b3bc9e2,19155ba4fc113b8da2be1ff5f59d3476a36bdea8ed7a3581e9ab1e6562e7a900,0.183838509,0.196277305,0000
873,001a,0010,e3b0c44298fc1c149afbf4c8996fb92427ae41e4649b934ca495991b7852b855,e3b0c44298fc1c149afbf4c8996fb92427ae41e4649b934ca495991b7852b855,37cbe3eeb74cad7f4063bb52a024c95de911ba1a7f0a379d31544c187df2ec34,943360a9a5818959e33aa851d0ac4831c347ca8ca4b98b4e7e95a6abb99fcb34,e010ed09d4baf4ac5efe240fbdd22264e7caf3784e7fd56d689fc430610e13cc,0d3eb13046a372114ff88ccf4c3705c1d86a0f99f77e3dd055114c14340c20d3,5ec9ccc09890a6906af3160b8291ad51cf74e9206e097752e97bf2b4dbe1d04e,bd1314099e04265f197ebb7b94982139ea849776482551f086329fa80b45fa11,0.183951255,0.194044536,0000
874,001a,0010,e3b0c44298fc1c149afbf4c8996fb92427ae41e4649b934ca495991b7852b855,e3b0c44298fc1c149afbf4c8996fb92427ae41e4649b934ca495991b7852b855,9fdf3f635d2c3cf998fbeab241bb7d32adb6c14aab4c341ca13e33bdd7c9250f,943360a9a5818959e33aa851d0ac4831c347ca8ca4b98b4e7e95a6abb99fcb34,e010ed09d4baf4ac5efe240fbdd22264e7caf3784e7fd56d689fc430610e13cc,0d3eb13046a372114ff88ccf4c3705c1d86a0f99f77e3dd055114c14340c20d3,0ea503d3eb0f09524314dddf5c9eed044ef730568442e745ffef67b1fcff43e5,7d439723f4b1861a8ed72a21cbc1516df38535b11a98a878483dcc37256d7ee9,0.183717853,0.195142026,0000
875,001a,0010,e3b0c44298fc1c149afbf4c8996fb92427ae41e4649b934ca495991b7852b855,e3b0c44298fc1c149afbf4c8996fb92427ae41e4649b934ca495991b7852b855,51966d9afad5cf9efe4940eb727d59a60878723573f9f6765d59700f78a52d40,943360a9a5818959e33aa851d0ac4831c347ca8ca4b98b4e7e95a6abb99fcb34,e010ed09d4baf4ac5efe240fbdd22264e7caf3784e7fd56d689fc430610e13cc,0d3eb13046a372114ff88ccf4c3705c1d86a0f99f77e3dd055114c14340c20d3,f156d6972a15dcab60e4fddbc0ffa9d5b6724f6c2ca932a8bf3398a59dd20f1c,ef1edabc2b4e6a39cc8113a11f1f23c45c355682b949811ddc7a57a7d24b7fa5,0.184050027,0.196170094,0000
876,001a,0010,e3b0c44298fc1c149afbf4c8996fb92427ae41e4649b934ca495991b7852b855,e3b0c44298fc1c149afbf4c8996fb92427ae41e4649b934ca495991b7852b855,87dcb96736cc9cc79871c707a775a1fb8501dee0412236768732dbaebd58583f,943360a9a5818959e33aa851d0ac4831c347ca8ca4b98b4e7e95a6abb99fcb34,e010ed09d4baf4ac5efe240fbdd22264e7caf3784e7fd56d689fc430610e13cc,0d3eb13046a372114ff88ccf4c3705c1d86a0f99f77e3dd055114c14340c20d3,64f52e83dae4c75a28b754e1943cb614e5de56e47c1f032cfdbd945eb7968359,0a4e4802047573b4fbc8d80dbee2e49a317e43575508f0a9842458b9fb9acf0a,0.184025014,0.194962608,0000
877,001a,0010,e3b0c44298fc1c149afbf4c8996fb92427ae41e4649b934ca495991b7852b855,e3b0c44298fc1c149afbf4c8996fb92427ae41e4649b934ca495991b7852b855,5b855e4c5383dd03085c959697a85b824c8217e0b88905d86b56d2f6dd70a6ee,943360a9a5818959e33aa851d0ac4831c347ca8ca4b98b4e7e95a6abb99fcb34,e010ed09d4baf4ac5efe240fbdd22264e7caf3784e7fd56d689fc430610e13cc,0d3eb13046a372114ff88ccf4c3705c1d86a0f99f77e3dd055114c14340c20d3,30950b0dcbd395fbafcf695e8114b43eea0273ae39d9489b9f5037a1fab82fcf,6878caf89c23f81c2c7869f3d7d3b090d2a826d62788796f431f62618d503e8a,0.183840613,0.195050093,0000
878,001a,0010,e3b0c44298fc1c149afbf4c8996fb92427ae41e4649b934ca495991b7852b855,e3b0c44298fc1c149afbf4c8996fb92427ae41e4649b934ca495991b7852b855,f21ecb55a7ed9c3fbd0b76ed01916a584c7ac1bc1d65f580d3f34661273c2fa0,943360a9a5818959e33aa851d0ac4831c347ca8ca4b98b4e7e95a6abb99fcb34,e010ed09d4baf4ac5efe240fbdd22264e7caf3784e7fd56d689fc430610e13cc,0d3eb13046a372114ff88ccf4c3705c1d86a0f99f77e3dd055114c14340c20d3,d8b0a69a678e444f83ec22d35ccdd9dca7dca760c75ead6cd2cbd2814ac955a0,b7947572531ae33d395cef067e4ef9a1291301190ca9cb56de915510ab0410f0,0.184047989,0.195045695,0000
879,001a,0010,e3b0c44298fc1c149afbf4c8996fb92427ae41e4649b934ca495991b7852b855,e3b0c44298fc1c149afbf4c8996fb92427ae41e4649b934ca495991b7852b855,8df24b031c472ee980bd43bd83005b8e13d72314d809616b8841def1e572e4cb,943360a9a5818959e33aa851d0ac4831c347ca8ca4b98b4e7e95a6abb99fcb34,e010ed09d4baf4ac5efe240fbdd22264e7caf3784e7fd56d689fc430610e13cc,0d3eb13046a372114ff88ccf4c3705c1d86a0f99f77e3dd055114c14340c20d3,69e573c8c817eb93ee2a51f275dccbc14d7ceb72e9c4012cc8555f75033c46b4,127c56d35d3ee5ec2bb35bd23aff842140e98016d87d4c36d7d835d710ad737f,0.183949316,0.195047416,0000
880,001a,0010,e3b0c44298fc1c149afbf4c8996fb92427ae41e4649b934ca495991b7852b855,e3b0c44298fc1c149afbf4c8996fb92427ae41e4649b934ca495991b7852b855,12cbee99bc89f5ebae9b0f70ddaead9adc8fdc3b72670ff1b6064e5dc78d01a8,943360a9a5818959e33aa851d0ac4831c347ca8ca4b98b4e7e95a6abb99fcb34,e010ed09d4baf4ac5efe240fbdd22264e7caf3784e7fd56d689fc430610e13cc,0d3eb13046a372114ff88ccf4c3705c1d86a0f99f77e3dd055114c14340c20d3,45f093b44edc4d880ecc1b04129bd2077ec9e3ea82100996a914a15fd90ac7bd,e0c6490685fedacac7500c367ca9b64bffff643b935e2979d78caf060cb5a810,0.183949695,0.195042901,0000
881,001a,0010,e3b0c44298fc1c149afbf4c8996fb92427ae41e4649b934ca495991b7852b855,e3b0c44298fc1c149afbf4c8996fb92427ae41e4649b934ca495991b7852b855,3bae9661349ad874aeae6da19741ac33ca13592cfd12c5cd6cbab663a4e884ed,943360a9a5818959e33aa851d0ac4831c347ca8ca4b98b4e7e95a6abb99fcb34,e010ed09d4baf4ac5efe240fbdd22264e7caf3784e7fd56d689fc430610e13cc,0d3eb13046a372114ff88ccf4c3705c1d86a0f99f77e3dd055114c14340c20d3,c1d39633df6af365e374b981c8b6238b11d40fa4e214bbbe3ccdb543741ab181,afddc15960b8c3bd199ac85c9b8424e08750148eda87648f71977ac72c137873,0.183868584,0.195043916,0000
882,001a,0010,e3b0c44298fc1c149afbf4c8996fb92427ae41e4649b934ca495991b7852b855,e3b0c44298fc1c149afbf4c8996fb92427ae41e4649b934ca495991b7852b855,b8ca1fe6f58e44882f3c96ea148e29319787ce5745c46525ed4ca0b3fba9d5e7,943360a9a5818959e33aa851d0ac4831c347ca8ca4b98b4e7e95a6abb99fcb34,e010ed09d4baf4ac5efe240fbdd22264e7caf3784e7fd56d689fc430610e13cc,0d3eb13046a372114ff88ccf4c3705c1d86a0f99f77e3dd055114c14340c20d3,7985377d7026711e18acd7d8d033670371aeae2ad3b389a070530e8e22a80fec,f108e64ff7088c769ecbae062706c1e5bd6dd789a16074538b5fe7bb975dcf1d,0.183845864,0.196122248,0000
883,001a,0010,e3b0c44298fc1c149afbf4c8996fb92427ae41e4649b934ca495991b7852b855,e3b0c44298fc1c149afbf4c8996fb92427ae41e4649b934ca495991b7852b855,fa2d221b46347b132ae5d5e905671454869d00e3c33bf378dcbaa94b6cf65252,943360a9a5818959e33aa851d0ac4831c347ca8ca4b98b4e7e95a6abb99fcb34,e010ed09d4baf4ac5efe240fbdd22264e7caf3784e7fd56d689fc430610e13cc,0d3eb13046a372114ff88ccf4c3705c1d86a0f99f77e3dd055114c14340c20d3,30b73b1bf285156a954af78fb9de6047772776d5ebe3ce87e10d6abd0dc6ba76,7e3b2911c51042492d8b3ce8f39303f9e4f17a06be681aad5de90c1c86b2ad80,0.184081429,0.196045248,0000
884,001a,0010,e3b0c44298fc1c149afbf4c8996fb92427ae41e4649b934ca495991b7852b855,e3b0c44298fc1c149afbf4c8996fb92427ae41e4649b934ca495991b7852b855,e46505a2f0690ef2cfcccec2fe0d41e4f29e6d0375f8a64adfba854774b30165,943360a9a5818959e33aa851d0ac4831c347ca8ca4b98b4e7e95a6abb99fcb34,e010ed09d4baf4ac5efe240fbdd22264e7caf3784e7fd56d689fc430610e13cc,0d3eb13046a372114ff88ccf4c3705c1d86a0f99f77e3dd055114c14340c20d3,67c276c8d0483b3656d4804231060e41738de9662b1fbb713e4d36fdffb8ef3e,dee07b886ad7015c7f733acd5082b97534797b7bb47fd6730c955c1075cf681b,0.185949313,0.193910317,0000
885,001a,0010,e3b0c44298fc1c149afbf4c8996fb92427ae41e4649b934ca495991b7852b855,e3b0c44298fc1c149afbf4c8996fb92427ae41e4649b934ca495991b7852b855,063d99ab1e2b1eefb620c57024a1efc86caf3f730cf8e574d53b089f7016d06e,943360a9a5818959e33aa851d0ac4831c347ca8ca4b98b4e7e95a6abb99fcb34,e010ed09d4baf4ac5efe240fbdd22264e7caf3784e7fd56d689fc430610e13cc,0d3eb13046a372114ff88ccf4c3705c1d86a0f99f77e3dd055114c14340c20d3,4019804d5b18430c6de84645a98936c1c6e739cbaa6b4cd466cc453ca8ef5088,1234d49971e288c853c1328eccadde4bab1a5c3d2010343d56aad6a7ddb1bb74,0.183876819,0.196145437,0000
886,001a,0010,e3b0c44298fc1c149afbf4c8996fb92427ae41e4649b934ca495991b7852b855,e3b0c44298fc1c149afbf4c8996fb92427ae41e4649b934ca495991b7852b855,3aaf334fb5543894b8fc4c1d6862ace41e6c5ae66f2ad56a593e612b06f7234e,943360a9a5818959e33aa851d0ac4831c347ca8ca4b98b4e7e95a6abb99fcb34,e010ed09d4baf4ac5efe240fbdd22264e7caf3784e7fd56d689fc430610e13cc,0d3eb13046a372114ff88ccf4c3705c1d86a0f99f77e3dd055114c14340c20d3,0b193ceec566fb7452b2d95d1fed97848731ddef73d87d9e6e01bbc397fd6732,143cd2991fe04ba9f79354a0c58ea3efa2f6b17a7071f8c720b9f6bbea3719cb,0.183968246,0.196013211,0000
887,001a,0010,e3b0c44298fc1c149afbf4c8996fb92427ae41e4649b934ca495991b7852b855,e3b0c44298fc1c149afbf4c8996fb92427ae41e4649b934ca495991b7852b855,c8882ae6fd065f9065288ffa0af6210940fd3e7f969770c1f1edfb46eaa14f3b,943360a9a5818959e33aa851d0ac4831c347ca8ca4b98b4e7e95a6abb99fcb34,e010ed09d4baf4ac5efe240fbdd22264e7caf3784e7fd56d689fc430610e13cc,0d3eb13046a372114ff88ccf4c3705c1d86a0f99f77e3dd055114c14340c20d3,1d7e21e21ecdadd6e3a8a0a0de36273c4d34a60344fbe68161b663b3e4efce8a,4983b30278e0c913a1503291ece9c527e39e00ee4dd2d75eb92884355e04dca4,0.186049471,0.195918996,0000
888,001a,0010,e3b0c44298fc1c149afbf4c8996fb92427ae41e4649b934ca495991b7852b855,e3b0c44298fc1c149afbf4c8996fb92427ae41e4649b934ca495991b7852b855,2e64bc0ac7b44bb8722268aa927e7c1605747c9cfd0daf433a42bf15c35f051c,943360a9a5818959e33aa851d0ac4831c347ca8ca4b98b4e7e95a6abb99fcb34,e010ed09d4baf4ac5efe240fbdd22264e7caf3784e7fd56d689fc430610e13cc,0d3eb13046a372114ff88ccf4c3705c1d86a0f99f77e3dd055114c14340c20d3,9683a3aaef129214914bb3c874ea87cc45e0d5da3c3d3ebaf8c906dd4c4c83b2,310667ea0bcc03de672d3baf4225040defb91b459eeecf0beb7216fce2f1f5e0,0.183944783,0.196047457,0000
889,001a,0010,e3b0c44298fc1c149afbf4c8996fb92427ae41e4649b934ca495991b7852b855,e3b0c44298fc1c149afbf4c8996fb92427ae41e4649b934ca495991b7852b855,363efff3aad7c32e40e5ea238a83ea621dda47e78e062e973ab58e0d0c243438,943360a9a5818959e33aa851d0ac4831c347ca8ca4b98b4e7e95a6abb99fcb34,e010ed09d4baf4ac5efe240fbdd22264e7caf3784e7fd56d689fc430610e13cc,0d3eb13046a372114ff88ccf4c3705c1d86a0f99f77e3dd055114c14340c20d3,389e46b2e5d5f66111b6fd2b69ce95737db722080a6ba746c84fb0950b748ed4,4c17d0f08db558e5eda34645a0af2864589339335e06f8cab2c144bf9851ca95,0.183851610,0.195158176,0000
890,001a,0010,e3b0c44298fc1c149afbf4c8996fb92427ae41e4649b934ca495991b7852b855,e3b0c44298fc1c149afbf4c8996fb92427ae41e4649b934ca495991b7852b855,dcd383c6dd5be0dfb537a40cab06c38f24532ef0d9479535303e1aa4848b88dc,943360a9a5818959e33aa851d0ac4831c347ca8ca4b98b4e7e95a6abb99fcb34,e010ed09d4baf4ac5efe240fbdd22264e7caf3784e7fd56d689fc430610e13cc,0d3eb13046a372114ff88ccf4c3705c1d86a0f99f77e3dd055114c14340c20d3,fae196b4663f251123042123cebfa62892c4a78d3e32500f17857bd82cc76263,c85d45296ac9ccb69586339bbf14dc8858eb8d1d8ec110121be0c6811c92ec2c,0.183837510,0.195135416,0000
891,001a,0010,e3b0c44298fc1c149afbf4c8996fb92427ae41e4649b934ca495991b7852b855,e3b0c44298fc1c149afbf4c8996fb92427ae41e4649b934ca495991b7852b855,b7f6e2988daa5d97af601308ebc80a900e36071ef4cfdd650ec46113c462d874,943360a9a5818959e33aa851d0ac4831c347ca8ca4b98b4e7e95a6abb99fcb34,e010ed09d4baf4ac5efe240fbdd22264e7caf3784e7fd56d689fc430610e13cc,0d3eb13046a372114ff88ccf4c3705c1d86a0f99f77e3dd055114c14340c20d3,8a9b89b1cf5b36b0cfb1ca9c66b4598f6498de1c1a896352b07960895ea1e40b,f1fd90faba16aa0faeb9592c3cc9f90977dc2e41fae8b46e4ae4def32b46b8f2,0.183723562,0.196153376,0000
892,001a,0010,e3b0c44298fc1c149afbf4c8996fb92427ae41e4649b934ca495991b7852b855,e3b0c44298fc1c149afbf4c8996fb92427ae41e4649b934ca495991b7852b855,24bbd0b988f0b873bb314c8473e839303a9efce1fc62094caabaf5042829686f,943360a9a5818959e33aa851d0ac4831c347ca8ca4b98b4e7e95a6abb99fcb34,e010ed09d4baf4ac5efe240fbdd22264e7caf3784e7fd56d689fc430610e13cc,0d3eb13046a372114ff88ccf4c3705c1d86a0f99f77e3dd055114c14340c20d3,7c906dad3f03a364a849c61ba066fc173da746a51e8c9cd49d710e1c0e9b417e,5612b4f1f23f1541bf9110ecbeb4e690bee90982993127deb0c8a22e6b02cbcd,0.186037901,0.196168261,0000
893,001a,0010,e3b0c44298fc1c149afbf4c8996fb92427ae41e4649b934ca495991b7852b855,e3b0c44298fc1c149afbf4c8996fb92427ae41e4649b934ca495991b7852b855,b93e44c6f7d046171820d35a0b64f08c1b2fa48ac9d274ff36ad284bb41e4924,943360a9a5818959e33aa851d0ac4831c347ca8ca4b98b4e7e95a6abb99fcb34,e010ed09d4baf4ac5efe240fbdd22264e7caf3784e7fd56d689fc430610e13cc,0d3eb13046a372114ff88ccf4c3705c1d86a0f99f77e3dd055114c14340c20d3,a23009d6d5252a81aea98a0ec997f0e217ec32b7ad6245f687f406894b30322e,4bba72fc33ce34e880460a4f5fb3f37577177a267c7d48a2a90e432e476b2ae7,0.183842851,0.195055582,0000
894,001a,0010,e3b0c44298fc1c149afbf4c8996fb92427ae41e4649b934ca495991b7852b855,e3b0c44298fc1c149afbf4c8996fb92427ae41e4649b934ca495991b7852b855,2ee10280948a49955125bcbf5aac0fc2325e5458e4b91cfa4e8d30fb7ec6aba0,943360a9a5818959e33aa851d0ac4831c347ca8ca4b98b4e7e95a6abb99fcb34,e010ed09d4baf4ac5efe240fbdd22264e7caf3784e7fd56d689fc430610e13cc,0d3eb13046a372114ff88ccf4c3705c1d86a0f99f77e3dd055114c14340c20d3,89c9cbf025e2f459c80744ca81f23f3909023b3d0fb3f1c5362cfd500e27543c,9efa6988d503f200266241389dae933f416c80f64ec72e3bbbba9c81884fefc1,0.183965611,0.196047737,0000
895,001a,0010,e3b0c44298fc1c149afbf4c8996fb92427ae41e4649b934ca495991b7852b855,e3b0c44298fc1c149afbf4c8996fb92427ae41e4649b934ca495991b7852b855,0e38136483030b06e4b80b72a89ca6eff07ba469fd88b9e53080c62007215987,943360a9a5818959e33aa851d0ac4831c347ca8ca4b98b4e7e95a6abb99fcb34,e010ed09d4baf4ac5efe240fbdd22264e7caf3784e7fd56d689fc430610e13cc,0d3eb13046a372114ff88ccf4c3705c1d86a0f99f77e3dd055114c14340c20d3,ecb62345f362d2e1e77b05f7c1e5e7e8c999cac6b5bb20e26866b491d2832097,72a541242d4cefe5ab578b3b4fcbad99e18e3085f1dd6135dd1a2b679a691f98,0.183944645,0.195128338,0000
896,001a,0010,e3b0c44298fc1c149afbf4c8996fb92427ae41e4649b934ca495991b7852b855,e3b0c44298fc1c149afbf4c8996fb92427ae41e4649b934ca495991b7852b855,ffd1f7ff46e0c5a69ec34c99de38e49da312f37db40c72f5674bd8200a6a7654,943360a9a5818959e33aa851d0ac4831c347ca8ca4b98b4e7e95a6abb99fcb34,e010ed09d4baf4ac5efe240fbdd22264e7caf3784e7fd56d689fc430610e13cc,0d3eb13046a372114ff88ccf4c3705c1d86a0f99f77e3dd055114c14340c20d3,5273fafe005cf677321c2fcbad2a6a7d85b6bc14eef56c2913a4a1f9904db89b,d58dfcdb8f069ba76d83d1cc0705b5e8cf5efe471e1898f0121e03b064ef2a82,0.183942249,0.194948338,0000
897,001a,0010,e3b0c44298fc1c149afbf4c8996fb92427ae41e4649b934ca495991b7852b855,e3b0c44298fc1c149afbf4c8996fb92427ae41e4649b934ca495991b7852b855,e40d8bff1c707d3402ba8c57cb16daae8ec5b750081b40dd7fb34df9c81db4b4,943360a9a5818959e33aa851d0ac4831c347ca8ca4b98b4e7e95a6abb99fcb34,e010ed09d4baf4ac5efe240fbdd22264e7caf3784e7fd56d689fc430610e13cc,0d3eb13046a372114ff88ccf4c3705c1d86a0f99f77e3dd055114c14340c20d3,683469f02e7e47bafe71afe297afb05c8ccf4d496cfdd1ecdfe56607022b8322,bc52877b9e6deec9e561674671454236244b45e5b08f24ae0991ebbfa8b53930,0.183840298,0.195151056,0000
898,001a,0010,e3b0c44298fc1c149afbf4c8996fb92427ae41e4649b934ca495991b7852b855,e3b0c44298fc1c149afbf4c8996fb92427ae41e4649b934ca495991b7852b855,95de210bf0e01732244a13de5887f724ac5afeb169b3ad4b3e39b5abcdd44503,943360a9a5818959e33aa851d0ac4831c347ca8ca4b98b4e7e95a6abb99fcb34,e010ed09d4baf4ac5efe240fbdd22264e7caf3784e7fd56d689fc430610e13cc,0d3eb13046a372114ff88ccf4c3705c1d86a0f99f77e3dd055114c14340c20d3,7c620be5ec1c24b46d70e8c00d5a5795d91471c05802c92903e2971e42336b82,43fc2d94dc95978aa55d2e6f7f981dcdfb4ba72342280240f29eaf3678b4b2d5,0.183885890,0.195106661,0000
899,001a,0010,e3b0c44298fc1c149afbf4c8996fb92427ae41e4649b934ca495991b7852b855,e3b0c44298fc1c149afbf4c8996fb92427ae41e4649b934ca495991b7852b855,2feaf919ad6cd9a736a64e7333188ce6c2b2cc57327327ad2033addfc063a24b,943360a9a5818959e33aa851d0ac4831c347ca8ca4b98b4e7e95a6abb99fcb34,e010ed09d4baf4ac5efe240fbdd22264e7caf3784e7fd56d689fc430610e13cc,0d3eb13046a372114ff88ccf4c3705c1d86a0f99f77e3dd055114c14340c20d3,d50dcb997c6306e4f4cc9f55e2662790c856fae3ca5125414b2853e9567290f9,efa856057e1d3675df87cd1fae945eb0d3a5515c0d4ced4a3d56cc8f8d8f3164,0.183839229,0.196151949,0000
900,001a,0010,e3b0c44298fc1c149afbf4c8996fb92427ae41e4649b934ca495991b7852b855,e3b0c44298fc1c149afbf4c8996fb92427ae41e4649b934ca495991b7852b855,75012c1710be673f4ed5ee8793f8c7e60776f967ea57f5eece1e1344b1f398ea,943360a9a5818959e33aa851d0ac4831c347ca8ca4b98b4e7e95a6abb99fcb34,e010ed09d4baf4ac5efe240fbdd22264e7caf3784e7fd56d689fc430610e13cc,0d3eb13046a372114ff88ccf4c3705c1d86a0f99f77e3dd055114c14340c20d3,32b40e14f0322021671973ab2e2fbd74ad9ba05d0ca725b7bc9808a35d813d69,d887bfdef8da86ce91e660920ed579b43d9a7a8a8bd4113d55e4ead0cd9f64c6,0.183839153,0.196153118,0000
901,001a,0010,e3b0c44298fc1c149afbf4c8996fb92427ae41e4649b934ca495991b7852b855,e3b0c44298fc1c149afbf4c8996fb92427ae41e4649b934ca495991b7852b855,bed7f6374b8bdcb875677873c07491842a719cc2e2b85ba9b1291b9999d6fe55,943360a9a5818959e33aa851d0ac4831c347ca8ca4b98b4e7e95a6abb99fcb34,e010ed09d4baf4ac5efe240fbdd22264e7caf3784e7fd56d689fc430610e13cc,0d3eb13046a372114ff88ccf4c3705c1d86a0f99f77e3dd055114c14340c20d3,0f25976af1affab6f11a3402af158613444e7bd12ff880ce0afdd97dc986fd7f,d46fa9cc816263351d982f691af20495c5481db007dfceb2a3cbab0436be6f11,0.183741003,0.196151138,0000
902,001a,0010,e3b0c44298fc1c149afbf4c8996fb92427ae41e4649b934ca495991b7852b855,e3b0c44298fc1c149afbf4c8996fb92427ae41e4649b934ca495991b7852b855,7cdd6c1f752f5598f03a123cf22125f354c303e6bd493ba0c3a5018c985ca3b3,943360a9a5818959e33aa851d0ac4831c347ca8ca4b98b4e7e95a6abb99fcb34,e010ed09d4baf4ac5efe240fbdd22264e7caf3784e7fd56d689fc430610e13cc,0d3eb13046a372114ff88ccf4c3705c1d86a0f99f77e3dd055114c14340c20d3,73ab92c18e7e24bd120f33c27e297f38b0c375c72f89c54c4732a97715d42b3d,25b36f9aa59e2589202f7fe7bfd40a0abce172a484dc1d6800bfe1cea75dcc96,0.183836237,0.196256502,0000
903,001a,0010,e3b0c44298fc1c149afbf4c8996fb92427ae41e4649b934ca495991b7852b855,e3b0c44298fc1c149afbf4c8996fb92427ae41e4649b934ca495991b7852b855,f42c74d4bb73073809dac61e8dd2698069bcd986b22d73de4e6d91d6011e2a65,943360a9a5818959e33aa851d0ac4831c347ca8ca4b98b4e7e95a6abb99fcb34,e010ed09d4baf4ac5efe240fbdd22264e7caf3784e7fd56d689fc430610e13cc,0d3eb13046a372114ff88ccf4c3705c1d86a0f99f77e3dd055114c14340c20d3,9c4fbbb32292eba8582a08f2fd51d03ec0d4d2c71429db4775dfd68cff155b1d,fbde74fb32ad2c2280975317f8b5e2b04f8d53cc036fe8445a517a86b060721c,0.183946193,0.195151622,0000
904,001a,0010,e3b0c44298fc1c149afbf4c8996fb92427ae41e4649b934ca495991b7852b855,e3b0c44298fc1c149afbf4c8996fb92427ae41e4649b934ca495991b7852b855,4c5bf547459da43b24e39b7546240a980d94e707b9d01af377257ac0e51087fa,943360a9a5818959e33aa851d0ac4831c347ca8ca4b98b4e7e95a6abb99fcb34,e010ed09d4baf4ac5efe240fbdd22264e7caf3784e7fd56d689fc430610e13cc,0d3eb13046a372114ff88ccf4c3705c1d86a0f99f77e3dd055114c14340c20d3,780f99c40f6245a07d7c342506217d6aa3485add6755b44fa8cdb1af6692474a,13508d1b37e15659a406bd1f45bbde3fa8728e0625bc38f50793868434a86b6b,0.183845933,0.195047038,0000
905,001a,0010,e3b0c44298fc1c149afbf4c8996fb92427ae41e4649b934ca495991b7852b855,e3b0c44298fc1c149afbf4c8996fb92427ae41e4649b934ca495991b7852b855,0214b5736d4f37e909adb8aecde7c1a28a7b35aebe1f1aff72d0083179facad3,943360a9a5818959e33aa851d0ac4831c347ca8ca4b98b4e7e95a6abb99fcb34,e010ed09d4baf4ac5efe240fbdd22264e7caf3784e7fd56d689fc430610e13cc,0d3eb13046a372114ff88ccf4c3705c1d86a0f99f77e3dd055114c14340c20d3,1454e52df462d1e0e16b714226c0c60806dc4fa8cd5955129aaaca72f4bbbdc6,519827cad891503399b813c505c48655ac409b76ffd8eded80601bdf581dbe67,0.184052492,0.195041145,0000
906,001a,0010,e3b0c44298fc1c149afbf4c8996fb92427ae41e4649b934ca495991b7852b855,e3b0c44298fc1c149afbf4c8996fb92427ae41e4649b934ca495991b7852b855,3af55ca63a236b2db90af09bcb2c39cbe25c3d0494ff13b873764137c9fa4e17,943360a9a5818959e33aa851d0ac4831c347ca8ca4b98b4e7e95a6abb99fcb34,e010ed09d4baf4ac5efe240fbdd22264e7caf3784e7fd56d689fc430610e13cc,0d3eb13046a372114ff88ccf4c3705c1d86a0f99f77e3dd055114c14340c20d3,a1af69fb89cd5c1ea7a6c7d076a3d0ac2e87f47a84264ff9647b7738a4c24d4f,cfd34a119ebef66c4aba10d5e26d83fc65c068beb5843422704952922fb68808,0.183052767,0.194940698,0000
907,001a,0010,e3b0c44298fc1c149afbf4c8996fb92427ae41e4649b934ca495991b7852b855,e3b0c44298fc1c149afbf4c8996fb92427ae41e4649b934ca495991b7852b855,586bf7145e2ad937300748b24721f41eda73d5df3a02f0187cccdd3316c790a5,943360a9a5818959e33aa851d0ac4831c347ca8ca4b98b4e7e95a6abb99fcb34,e010ed09d4baf4ac5efe240fbdd22264e7caf3784e7fd56d689fc430610e13cc,0d3eb13046a372114ff88ccf4c3705c1d86a0f99f77e3dd055114c14340c20d3,b770c5e874ea7cf8df91ce2ab359c128a277f037a4c30e62c4c4c7ba0ff737e3,22abc9db15ab44c339b9b657d0f9a4f162e84b3d671b3c6bdc40da5b7fe12888,0.184053131,0.194940808,0000
908,001a,0010,e3b0c44298fc1c149afbf4c8996fb92427ae41e4649b934ca495991b7852b855,e3b0c44298fc1c149afbf4c8996fb92427ae41e4649b934ca495991b7852b855,b26430c8ec2278abc6394f4806e0d8d432b76374f14a7447a1db518739ff4835,943360a9a5818959e33aa851d0ac4831c347ca8ca4b98b4e7e95a6abb99fcb34,e010ed09d4baf4ac5efe240fbdd22264e7caf3784e7fd56d689fc430610e13cc,0d3eb13046a372114ff88ccf4c3705c1d86a0f99f77e3dd055114c14340c20d3,547b29acab1d84548e14dff727f2123f586f680b67ec2cac2ec91875e52ad980,40937affe76a9f4574e952f7b3419a2c8ac0ecfad103262061567a363549a6ae,0.183838219,0.195045964,0000
909,001a,0010,e3b0c44298fc1c149afbf4c8996fb92427ae41e4649b934ca495991b7852b855,e3b0c44298fc1c149afbf4c8996fb92427ae41e4649b934ca495991b7852b855,685eab0742a1c49887aa57751270055475924b4e39c3b80c0de286060413bc5d,943360a9a5818959e33aa851d0ac4831c347ca8ca4b98b4e7e95a6abb99fcb34,e010ed09d4baf4ac5efe240fbdd22264e7caf3784e7fd56d689fc430610e13cc,0d3eb13046a372114ff88ccf4c3705c1d86a0f99f77e3dd055114c14340c20d3,3fc81520125f65ccb4ff802a5e2041c9c02dcad25ea1235f4822ff51cbe31fcb,84125235c432b6c27ded919cc40a0f19a1c3ee6f8d2fb42e87c9b33ca36df9c5,0.183838251,0.196146562,0000
910,001a,0010,e3b0c44298fc1c149afbf4c8996fb92427ae41e4649b934ca495991b7852b855,e3b0c44298fc1c149afbf4c8996fb92427ae41e4649b934ca495991b7852b855,ec873bf29d184aab4bda6e4436b30995ab0ef76033c76165c7184e827de0ba43,943360a9a5818959e33aa851d0ac4831c347ca8ca4b98b4e7e95a6abb99fcb34,e010ed09d4baf4ac5efe240fbdd22264e7caf3784e7fd56d689fc430610e13cc,0d3eb13046a372114ff88ccf4c3705c1d86a0f99f77e3dd055114c14340c20d3,e8bb3daa06e7e638f8b8b6be44692845ad4b5d8a83fdf1400337fe446624d9a3,c4361bea0058d30ed528bceccb501d15315083be3274c38f439bae1f1aff065b,0.183943118,0.195049293,0000
911,001a,0010,e3b0c44298fc1c149afbf4c8996fb92427ae41e4649b934ca495991b7852b855,e3b0c44298fc1c149afbf4c8996fb92427ae41e4649b934ca495991b7852b855,1a9fc4aef3813b49a48f8e19ee546443cfd78c6becf0b1629a136a1376c63623,943360a9a5818959e33aa851d0ac4831c347ca8ca4b98b4e7e95a6abb99fcb34,e010ed09d4baf4ac5efe240fbdd22264e7caf3784e7fd56d689fc430610e13cc,0d3eb13046a372114ff88ccf4c3705c1d86a0f99f77e3dd055114c14340c20d3,a380e19b1d569af169a2ca79d2b608aabaeca81ca764eefe9fa138f7da2edaab,71509ce02a655b52cf90687b73513e35833c88238047bc6ba2d126c536d8cc13,0.183945903,0.196047081,0000
912,001a,0010,e3b0c44298fc1c149afbf4c8996fb92427ae41e4649b934ca495991b7852b855,e3b0c44298fc1c149afbf4c8996fb92427ae41e4649b934ca495991b7852b855,ea83ac94eb02174c32cad2e02a37c0a0adecb2f4e2beb7666caa0337c423b4cd,943360a9a5818959e33aa851d0ac4831c347ca8ca4b98b4e7e95a6abb99fcb34,e010ed09d4baf4ac5efe240fbdd22264e7caf3784e7fd56d689fc430610e13cc,0d3eb13046a372114ff88ccf4c3705c1d86a0f99f77e3dd055114c14340c20d3,14b6832fd86686bc17b799482334a662222df8d9156da295d67ed181d9101e31,7c0837b3cdf572d07fce7ef5214d393577ea6d1dbee86ebfe114918902f69cc9,0.183847094,0.196150933,0000
913,001a,0010,e3b0c44298fc1c149afbf4c8996fb92427ae41e4649b934ca495991b7852b855,e3b0c44298fc1c149afbf4c8996fb92427ae41e4649b934ca495991b7852b855,49361f53497dda87376e2b01b9e34eb3a49d38b847946c3dc52b4491021b3b89,943360a9a5818959e33aa851d0ac4831c347ca8ca4b98b4e7e95a6abb99fcb34,e010ed09d4baf4ac5efe240fbdd22264e7caf3784e7fd56d689fc430610e13cc,0d3eb13046a372114ff88ccf4c3705c1d86a0f99f77e3dd055114c14340c20d3,bb8bbe27e945067ec02c0de1da57c5f2db2de97ba65865b1f76e70ffad104e09,5fcebe1dbdc26ac9f3884d6e9e4dd344f6fb7698115b6fd021dd762b58c7d28c,0.183722626,0.196146033,0000
914,001a,0010,e3b0c44298fc1c149afbf4c8996fb92427ae41e4649b934ca495991b7852b855,e3b0c44298fc1c149afbf4c8996fb92427ae41e4649b934ca495991b7852b855,1b07f32d52238b4616426638f4643e85dc2e58b81c2fcc40ead9e803222fdba6,943360a9a5818959e33aa851d0ac4831c347ca8ca4b98b4e7e95a6abb99fcb34,e010ed09d4baf4ac5efe240fbdd22264e7caf3784e7fd56d689fc430610e13cc,0d3eb13046a372114ff88ccf4c3705c1d86a0f99f77e3dd055114c14340c20d3,193ef32f52853ffacb8b56505a797951ebd1d52936973fd7ca00519fe2bfabe9,c8f8a22172070dbe655a2fec5f24393c1f3b0705e1c1f9139b93ef71c76ae134,0.183846048,0.194268908,0000
915,001a,0010,e3b0c44298fc1c149afbf4c8996fb92427ae41e4649b934ca495991b7852b855,e3b0c44298fc1c149afbf4c8996fb92427ae41e4649b934ca495991b7852b855,277ef6ac1b6b90164b66ad2af66439c4bd450f85c1d9f19d63ccff0b9da849f2,943360a9a5818959e33aa851d0ac4831c347ca8ca4b98b4e7e95a6abb99fcb34,e010ed09d4baf4ac5efe240fbdd22264e7caf3784e7fd56d689fc430610e13cc,0d3eb13046a372114ff88ccf4c3705c1d86a0f99f77e3dd055114c14340c20d3,85d0ade49da9380f3b697a4c076783e5c93298157d2f5d4c8c354137249379c8,7f672833395e076832b686115dd7d4f586490d6c0ffb8f172e0e2dca965c6679,0.184050205,0.196039293,0000
916,001a,0010,e3b0c44298fc1c149afbf4c8996fb92427ae41e4649b934ca495991b7852b855,e3b0c44298fc1c149afbf4c8996fb92427ae41e4649b934ca495991b7852b855,d2f8ea204e8d4656e2f5fbabdcc7927e2572abd98a12327a73a4b04b120d7445,943360a9a5818959e33aa851d0ac4831c347ca8ca4b98b4e7e95a6abb99fcb34,e010ed09d4baf4ac5efe240fbdd22264e7caf3784e7fd56d689fc430610e13cc,0d3eb13046a372114ff88ccf4c3705c1d86a0f99f77e3dd055114c14340c20d3,c5180f627442e5dea54bedbf50f52832552614e4cd09942738b603c91902d6c9,a9a5c4ff60367677de0ee85a539306ccba31d41e848cfa5489d322193935ea27,0.183166913,0.194825950,0000
917,001a,0010,e3b0c44298fc1c149afbf4c8996fb92427ae41e4649b934ca495991b7852b855,e3b0c44298fc1c149afbf4c8996fb92427ae41e4649b934ca495991b7852b855,3ebb640d511cb865c8b5b8f5d2dfd3b7fead5b74442acb191cff1e6501eabb53,943360a9a5818959e33aa851d0ac4831c347ca8ca4b98b4e7e95a6abb99fcb34,e010ed09d4baf4ac5efe240fbdd22264e7caf3784e7fd56d689fc430610e13cc,0d3eb13046a372114ff88ccf4c3705c1d86a0f99f77e3dd055114c14340c20d3,79795e3fa3fe439d397bdb6fe34d7e9049e9aa8166667ec0fb360a771708a9a2,dd07154a5dfce33d01276c8f94744db7c110dd1d55feacca1a254038f85ad85d,0.183066507,0.194823078,0000
918,001a,0010,e3b0c44298fc1c149afbf4c8996fb92427ae41e4649b934ca495991b7852b855,e3b0c44298fc1c149afbf4c8996fb92427ae41e4649b934ca495991b7852b855,c50ad18f95c3d7168cb0560cab39415d41912f08f3bbee6a1a3b182d84623f05,943360a9a5818959e33aa851d0ac4831c347ca8ca4b98b4e7e95a6abb99fcb34,e010ed09d4baf4ac5efe240fbdd22264e7caf3784e7fd56d689fc430610e13cc,0d3eb13046a372114ff88ccf4c3705c1d86a0f99f77e3dd055114c14340c20d3,3ef78b2a24f3bab43684623e351ec7b8008c0b2720965d85550a8c45ecfc7c35,b7be1aa44e2e407ee89294174eb7132a012956fa6a32f8b85b79520c95c30ec0,0.183843068,0.195154875,0000
919,001a,0010,e3b0c44298fc1c149afbf4c8996fb92427ae41e4649b934ca495991b7852b855,e3b0c44298fc1c149afbf4c8996fb92427ae41e4649b934ca495991b7852b855,d66f224439aeea37e0422a09be4bff0e4eb3a3e339691c145d7cbe6a01ad5dd6,943360a9a5818959e33aa851d0ac4831c347ca8ca4b98b4e7e95a6abb99fcb34,e010ed09d4baf4ac5efe240fbdd22264e7caf3784e7fd56d689fc430610e13cc,0d3eb13046a372114ff88ccf4c3705c1d86a0f99f77e3dd055114c14340c20d3,d994296a7ebdba018d8b9363728272040ad02e06bb02aed6281aae1273a2d59f,191bb274b8182926fdce9157ca8c835228e859fceca2ead91e62f720a3485f4b,0.183845419,0.194144368,0000
920,001a,0010,e3b0c44298fc1c149afbf4c8996fb92427ae41e4649b934ca495991b7852b855,e3b0c44298fc1c149afbf4c8996fb92427ae41e4649b934ca495991b7852b855,e766d72613824be48ca456bd045bb1143d10ffe452fdc250646e0206250e0380,943360a9a5818959e33aa851d0ac4831c347ca8ca4b98b4e7e95a6abb99fcb34,e010ed09d4baf4ac5efe240fbdd22264e7caf3784e7fd56d689fc430610e13cc,0d3eb13046a372114ff88ccf4c3705c1d86a0f99f77e3dd055114c14340c20d3,41e00567d4e8f650308086c8997b682974b703889be2c8233d2f05932381f74e,a2d6b880e17e912b14b2d068cd554769539bb6803595983d5e78d750899244ec,0.183944330,0.196046611,0000
921,001a,0010,e3b0c44298fc1c149afbf4c8996fb92427ae41e4649b934ca495991b7852b855,e3b0c44298fc1c149afbf4c8996fb92427ae41e4649b934ca495991b7852b855,79b3b11fe220516031c4b740ed005dc7fb4988c7bbfcdd79d69de90427e2c9bb,943360a9a5818959e33aa851d0ac4831c347ca8ca4b98b4e7e95a6abb99fcb34,e010ed09d4baf4ac5efe240fbdd22264e7caf3784e7fd56d689fc430610e13cc,0d3eb13046a372114ff88ccf4c3705c1d86a0f99f77e3dd055114c14340c20d3,0c8e7e0112be6f8d663f769aba4e5ccad52d4b87ac58a377507a57185678c2e9,bc32f68fc748d35a3121be592441024e694bf600949f97f650ed7c1736f17fae,0.184050418,0.196047930,0000
922,001a,0010,e3b0c44298fc1c149afbf4c8996fb92427ae41e4649b934ca495991b7852b855,e3b0c44298fc1c149afbf4c8996fb92427ae41e4649b934ca495991b7852b855,5fe08d392f50b21955f92528e46f2fabfe7ba882ae4005cdcd0b7d5610b7f941,943360a9a5818959e33aa851d0ac4831c347ca8ca4b98b4e7e95a6abb99fcb34,e010ed09d4baf4ac5efe240fbdd22264e7caf3784e7fd56d689fc430610e13cc,0d3eb13046a372114ff88ccf4c3705c1d86a0f99f77e3dd055114c14340c20d3,cdfd3e11622e2f467fdc7232272e62ad2e12f58498809f472b333da74ba8aca4,cdf3ed4ff8316c7135b870166fc34e526fd087ce1ea004566a878b432e9714ae,0.183947537,0.194938221,0000
923,001a,0010,e3b0c44298fc1c149afbf4c8996fb92427ae41e4649b934ca495991b7852b855,e3b0c44298fc1c149afbf4c8996fb92427ae41e4649b934ca495991b7852b855,ffd3fa9d4869fd313b9975dc948bcae036227a4e87f3c2dbf6716b62994cc42f,943360a9a5818959e33aa851d0ac4831c347ca8ca4b98b4e7e95a6abb99fcb34,e010ed09d4baf4ac5efe240fbdd22264e7caf3784e7fd56d689fc430610e13cc,0d3eb13046a372114ff88ccf4c3705c1d86a0f99f77e3dd055114c14340c20d3,40ccc68018e54d804a4d3d159b779287d604476e329c4722f6323e483ba98373,4cb49806761e1e8deecde5e9bc52536335e6e5290a4ab7330fe0630e9079b650,0.183841058,0.196150740,0000
924,001a,0010,e3b0c44298fc1c149afbf4c8996fb92427ae41e4649b934ca495991b7852b855,e3b0c44298fc1c149afbf4c8996fb92427ae41e4649b934ca495991b7852b855,aad0f5ccea72b6ac2d78320819be62dcfc46c7e6daf2c08d8edde2aa917d76d7,943360a9a5818959e33aa851d0ac4831c347ca8ca4b98b4e7e95a6abb99fcb34,e010ed09d4baf4ac5efe240fbdd22264e7caf3784e7fd56d689fc430610e13cc,0d3eb13046a372114ff88ccf4c3705c1d86a0f99f77e3dd055114c14340c20d3,89f9914cbed3c8ec92d598e8cbeb169100d9b718b8cb2279dbd1fe9af0c98a39,3d6428e2fcdb82c3a4d54ed2782b3ea006f367a78ddbab001e1cd697f185a3aa,0.183944278,0.195154319,0000
925,001a,0010,e3b0c44298fc1c149afbf4c8996fb92427ae41e4649b934ca495991b7852b855,e3b0c44298fc1c149afbf4c8996fb92427ae41e4649b934ca495991b7852b855,68d08ff434f41a87253b7129882056b3287c41629ebae586741527d6eb89f54a,943360a9a5818959e33aa851d0ac4831c347ca8ca4b98b4e7e95a6abb99fcb34,e010ed09d4baf4ac5efe240fbdd22264e7caf3784e7fd56d689fc430610e13cc,0d3eb13046a372114ff88ccf4c3705c1d86a0f99f77e3dd055114c14340c20d3,b27a220971de313c1ff50e73036c8cf46656c759429b4a99679c1bfb09e3527e,fff72a39e352944cf94661303e928d914fdb9e19fe93692c8c9aa16e74a0c670,0.184922923,0.195069053,0000
926,001a,0010,e3b0c44298fc1c149afbf4c8996fb92427ae41e4649b934ca495991b7852b855,e3b0c44298fc1c149afbf4c8996fb92427ae41e4649b934ca495991b7852b855,edd4c80dc023912e21805f544af1b6e560b9422afc20e9a8590767feac6637de,943360a9a5818959e33aa851d0ac4831c347ca8ca4b98b4e7e95a6abb99fcb34,e010ed09d4baf4ac5efe240fbdd22264e7caf3784e7fd56d689fc430610e13cc,0d3eb13046a372114ff88ccf4c3705c1d86a0f99f77e3dd055114c14340c20d3,0a058fffa9c446265dfc9922381b8b97e0c7b1c0f888381a0cadf27f78d74f91,75ad5abac7a0da2b1de64457a57dd41fe44ec9c7e4e531ca75b29a5c10877b60,0.182926576,0.195067699,0000
927,001a,0010,e3b0c44298fc1c149afbf4c8996fb92427ae41e4649b934ca495991b7852b855,e3b0c44298fc1c149afbf4c8996fb92427ae41e4649b934ca495991b7852b855,9a6c6d5d7679e05054547e7a28330b8d15f8dfecb86ba39bcf7b110173749b35,943360a9a5818959e33aa851d0ac4831c347ca8ca4b98b4e7e95a6abb99fcb34,e010ed09d4baf4ac5efe240fbdd22264e7caf3784e7fd56d689fc430610e13cc,0d3eb13046a372114ff88ccf4c3705c1d86a0f99f77e3dd055114c14340c20d3,359c5d6024e498395bfbd56cb3ae6bfa01198d8fe12b94c89ec26be3483d7aad,f399df276dbec270a93038801233c2bf72346abc17329ac12bde3ffdbdbe8527,0.186044484,0.194942622,0000
928,001a,0010,e3b0c44298fc1c149afbf4c8996fb92427ae41e4649b934ca495991b7852b855,e3b0c44298fc1c149afbf4c8996fb92427ae41e4649b934ca495991b7852b855,b0320b36485e1e5b962724aa02df9910408e248e29946b4bfd53235e4cbbe247,943360a9a5818959e33aa851d0ac4831c347ca8ca4b98b4e7e95a6abb99fcb34,e010ed09d4baf4ac5efe240fbdd22264e7caf3784e7fd56d689fc430610e13cc,0d3eb13046a372114ff88ccf4c3705c1d86a0f99f77e3dd055114c14340c20d3,24cfbbddfcf4992516c03f0642371856bc946d17fd66644bcaf03ce8cd8ba7f1,6854256825aa04db3b1eadbdfc1a3c407ad5cf0d8a077e4d692b13b97bd981e2,0.183839882,0.195056889,0000
929,001a,0010,e3b0c44298fc1c149afbf4c8996fb92427ae41e4649b934ca495991b7852b855,e3b0c44298fc1c149afbf4c8996fb92427ae41e4649b934ca495991b7852b855,33f24879fcbf02fe8272ae251d1c639894963cfdfe882784b6efe005ae1060f4,943360a9a5818959e33aa851d0ac4831c347ca8ca4b98b4e7e95a6abb99fcb34,e010ed09d4baf4ac5efe240fbdd22264e7caf3784e7fd56d689fc430610e13cc,0d3eb13046a372114ff88ccf4c3705c1d86a0f99f77e3dd055114c14340c20d3,fffaec580714739831409be693aa7355a9b0b800625b06154e2accea157ca56a,d60481b71cab82e62440a5e8bd6ee634f55f1c91d6e9984520c66d41a15c36ae,0.183922932,0.195063292,0000
930,001a,0010,e3b0c44298fc1c149afbf4c8996fb92427ae41e4649b934ca495991b7852b855,e3b0c44298fc1c149afbf4c8996fb92427ae41e4649b934ca495991b7852b855,e61501ba49d733cc8969a6bebdae663feb3bd542b41b24f4375653ca0cf55275,943360a9a5818959e33aa851d0ac4831c347ca8ca4b98b4e7e95a6abb99fcb34,e010ed09d4baf4ac5efe240fbdd22264e7caf3784e7fd56d689fc430610e13cc,0d3eb13046a372114ff88ccf4c3705c1d86a0f99f77e3dd055114c14340c20d3,1cd2cee145bd88cab82fed0d8864cf856a12ad9585d16dce637a6df9d10a5da8,1e4104a1c1b1a50c1dbc0d10606d3197cadc180d1826885bb2b0df42b913963a,0.183847927,0.196149417,0000
931,001a,0010,e3b0c44298fc1c149afbf4c8996fb92427ae41e4649b934ca495991b7852b855,e3b0c44298fc1c149afbf4c8996fb92427ae41e4649b934ca495991b7852b855,0be86d49a913c32fab798c943b9f7dbac2d7487634e4b98d9e5687f0d0b90948,943360a9a5818959e33aa851d0ac4831c347ca8ca4b98b4e7e95a6abb99fcb34,e010ed09d4baf4ac5efe240fbdd22264e7caf3784e7fd56d689fc430610e13cc,0d3eb13046a372114ff88ccf4c3705c1d86a0f99f77e3dd055114c14340c20d3,c5885b7a543d7e4c7eac80190f4ec2993825f0ac25c8b32a353e063c801d251f,f1a434f4f697c958a9b707c9b6087994d46dc08600edf3c19c64a324ece84acb,0.183795933,0.196071978,0000
932,001a,0010,e3b0c44298fc1c149afbf4c8996fb92427ae41e4649b934ca495991b7852b855,e3b0c44298fc1c149afbf4c8996fb92427ae41e4649b934ca495991b7852b855,b599b5fa34de6b6cf65fbdb8f0b3d9a5ac272c88860c9a5a8cad94c0707b8922,943360a9a5818959e33aa851d0ac4831c347ca8ca4b98b4e7e95a6abb99fcb34,e010ed09d4baf4ac5efe240fbdd22264e7caf3784e7fd56d689fc430610e13cc,0d3eb13046a372114ff88ccf4c3705c1d86a0f99f77e3dd055114c14340c20d3,cb13a6f05768ecbba9ec03d71eced59902f6d73dd7f9c07e93961d527915e62c,c4f84382238626abf9f01c5da049008ab8bef41fd4d8c4f2850769e7275c1e30,0.183973926,0.196273914,0000
933,001a,0010,e3b0c44298fc1c149afbf4c8996fb92427ae41e4649b934ca495991b7852b855,e3b0c44298fc1c149afbf4c8996fb92427ae41e4649b934ca495991b7852b855,a300e0841bab1687296f46ca9e4510c216638a183ab566e890ccf6a9cf6b7fa2,943360a9a5818959e33aa851d0ac4831c347ca8ca4b98b4e7e95a6abb99fcb34,e010ed09d4baf4ac5efe240fbdd22264e7caf3784e7fd56d689fc430610e13cc,0d3eb13046a372114ff88ccf4c3705c1d86a0f99f77e3dd055114c14340c20d3,78e886a969a2ded3bc92a2c44f78b17f3f16fd0eb1a394a6d83b5f3a64874277,2fd9c1618d9e7d1be9fa5220b902e31c5781df069a3015cde8d6f7b7e61df87d,0.183844360,0.195011805,0000
934,001a,0010,e3b0c44298fc1c149afbf4c8996fb92427ae41e4649b934ca495991b7852b855,e3b0c44298fc1c149afbf4c8996fb92427ae41e4649b934ca495991b7852b855,6e9b2ec0a1e88634f4c00e0d90858ae45e63c688ad1440fc866586815617c9fc,943360a9a5818959e33aa851d0ac4831c347ca8ca4b98b4e7e95a6abb99fcb34,e010ed09d4baf4ac5efe240fbdd22264e7caf3784e7fd56d689fc430610e13cc,0d3eb13046a372114ff88ccf4c3705c1d86a0f99f77e3dd055114c14340c20d3,f0fdf52570c5bfeff8bbb1014d12345c4a1760a39d6baf7a8f3803c9bf1e6dce,009090e0b1d69a55407dec67d6ffb0d87ed7ac5291ce6213c35cb95cd9c415a0,0.183945431,0.196044059,0000
935,001a,0010,e3b0c44298fc1c149afbf4c8996fb92427ae41e4649b934ca495991b7852b855,e3b0c44298fc1c149afbf4c8996fb92427ae41e4649b934ca495991b7852b855,e8199cf396ca0895843af3e1a46928e6931b623c2f2274bcefcf5ef411b972ad,943360a9a5818959e33aa851d0ac4831c347ca8ca4b98b4e7e95a6abb99fcb34,e010ed09d4baf4ac5efe240fbdd22264e7caf3784e7fd56d689fc430610e13cc,0d3eb13046a372114ff88ccf4c3705c1d86a0f99f77e3dd055114c14340c20d3,fc984c7669d2116e031d9e36c1956df72c6663f0a0f8c87dfc6b9f25acb1043b,bf45ead52e3b3e67d09f0bb18bc52fb0a8b93f65c14050208e72af3d73d4b6e2,0.183706929,0.195172489,0000
936,001a,0010,e3b0c44298fc1c149afbf4c8996fb92427ae41e4649b934ca495991b7852b855,e3b0c44298fc1c149afbf4c8996fb92427ae41e4649b934ca495991b7852b855,49efd36fad786c9ca07bc2668811cacf19007899ba05a09ef1986fa510cf3a18,943360a9a5818959e33aa851d0ac4831c347ca8ca4b98b4e7e95a6abb99fcb34,e010ed09d4baf4ac5efe240fbdd22264e7caf3784e7fd56d689fc430610e13cc,0d3eb13046a372114ff88ccf4c3705c1d86a0f99f77e3dd055114c14340c20d3,fb42cb8646b3faccbe054371cc71f04eaf0c4a7af520a1d2cd96393a2f4a35ba,de9113b4e9c0bb5c69036cb4be9efc78f5ba7fc702c3fe094ca4213f9bbc362c,0.186050106,0.194162552,0000
937,001a,0010,e3b0c44298fc1c149afbf4c8996fb92427ae41e4649b934ca495991b7852b855,e3b0c44298fc1c149afbf4c8996fb92427ae41e4649b934ca495991b7852b855,74b6322a66cfabb03d3ce7894f5483dba62c45647507504860265d6479839a4c,943360a9a5818959e33aa851d0ac4831c347ca8ca4b98b4e7e95a6abb99fcb34,e010ed09d4baf4ac5efe240fbdd22264e7caf3784e7fd56d689fc430610e13cc,0d3eb13046a372114ff88ccf4c3705c1d86a0f99f77e3dd055114c14340c20d3,cd73cadbfb75ffb90c35233ef579674ab6b51bfc2cd06f21ad90065ee9d3eebc,e115470ded997257adb0432ad19d852808808a05026595c1d059355519208190,0.183843078,0.194043394,0000
938,001a,0010,e3b0c44298fc1c149afbf4c8996fb92427ae41e4649b934ca495991b7852b855,e3b0c44298fc1c149afbf4c8996fb92427ae41e4649b934ca495991b7852b855,e79b427a0f79c3c45085528a7f9f8bdef6ecd7e6a7f7b05c5a35bebcad559e2a,943360a9a5818959e33aa851d0ac4831c347ca8ca4b98b4e7e95a6abb99fcb34,e010ed09d4baf4ac5efe240fbdd22264e7caf3784e7fd56d689fc430610e13cc,0d3eb13046a372114ff88ccf4c3705c1d86a0f99f77e3dd055114c14340c20d3,71896c466db6cede11657a46ae03aa1086b29a7597823daefde07089438affc7,8f46da6d83782cce5a6379c5a9240f159cc0db372f7dfc08c2e7e754bf951a99,0.184048481,0.196047494,0000
939,001a,0010,e3b0c44298fc1c149afbf4c8996fb92427ae41e4649b934ca495991b7852b855,e3b0c44298fc1c149afbf4c8996fb92427ae41e4649b934ca495991b7852b855,4e5a407cc11fc5e11a979303b3c946699a082c112dca61427e268f41c101412a,943360a9a5818959e33aa851d0ac4831c347ca8ca4b98b4e7e95a6abb99fcb34,e010ed09d4baf4ac5efe240fbdd22264e7caf3784e7fd56d689fc430610e13cc,0d3eb13046a372114ff88ccf4c3705c1d86a0f99f77e3dd055114c14340c20d3,ffe18aae0fff524ce655280c04ef9a1050b6caa8d2b78954327b633f21e29cec,7a207333e1c1a3234a22e7410243148aab1197d004a8db44de8792a087b269b5,0.183843743,0.195047182,0000
940,001a,0010,e3b0c44298fc1c149afbf4c8996fb92427ae41e4649b934ca495991b7852b855,e3b0c44298fc1c149afbf4c8996fb92427ae41e4649b934ca495991b7852b855,50b0d84e6e6a9ca7252df7c43cd80576dc32f396bf372ee01178bc5e99a8db7d,943360a9a5818959e33aa851d0ac4831c347ca8ca4b98b4e7e95a6abb99fcb34,e010ed09d4baf4ac5efe240fbdd22264e7caf3784e7fd56d689fc430610e13cc,0d3eb13046a372114ff88ccf4c3705c1d86a0f99f77e3dd055114c14340c20d3,a5dbaa29dcfcaf1a12338efbe5fb85f3b0fe32953306412f16c7c433249335e7,c746ebecf4218a8db578b1da3dd4331bdbf10d0f8436b6a18c65c3cda7797f7b,0.183953469,0.196036683,0000
941,001a,0010,e3b0c44298fc1c149afbf4c8996fb92427ae41e4649b934ca495991b7852b855,e3b0c44298fc1c149afbf4c8996fb92427ae41e4649b934ca495991b7852b855,bd84b3538b0bc26b81336487d5e376844bec17570655ba31d3b941666a0ca9a8,943360a9a5818959e33aa851d0ac4831c347ca8ca4b98b4e7e95a6abb99fcb34,e010ed09d4baf4ac5efe240fbdd22264e7caf3784e7fd56d689fc430610e13cc,0d3eb13046a372114ff88ccf4c3705c1d86a0f99f77e3dd055114c14340c20d3,87b5104c81da330ac38fcc8bea88fc0c13801931da02eeeb3cd14c31ae9c15a0,389bce8ea5f90a6cbdb833cdf67be5f734cdcd33b1f7334a46fd9db6e7a62477,0.183947735,0.196046690,0000
942,001a,0010,e3b0c44298fc1c149afbf4c8996fb92427ae41e4649b934ca495991b7852b855,e3b0c44298fc1c149afbf4c8996fb92427ae41e4649b934ca495991b7852b855,585c9dd27f22ee56fa18e087fccd4b914da93e600e50b3324acacd2bff6fb7ae,943360a9a5818959e33aa851d0ac4831c347ca8ca4b98b4e7e95a6abb99fcb34,e010ed09d4baf4ac5efe240fbdd22264e7caf3784e7fd56d689fc430610e13cc,0d3eb13046a372114ff88ccf4c3705c1d86a0f99f77e3dd055114c14340c20d3,5500b6230e372468e0885bcacbd1902b1436a8591b76e270a311ab00c083d2f5,d5be254dab6ce171e83496bd69f712c218e9083ac9e7bfc72bda03a08e893f3b,0.183942886,0.195153261,0000
943,001a,0010,e3b0c44298fc1c149afbf4c8996fb92427ae41e4649b934ca495991b7852b855,e3b0c44298fc1c149afbf4c8996fb92427ae41e4649b934ca495991b7852b855,eb0d12ed7ba14cb1eaf06e11856d87b26b42cbef02eb3bd8932d4b67b1c931cb,943360a9a5818959e33aa851d0ac4831c347ca8ca4b98b4e7e95a6abb99fcb34,e010ed09d4baf4ac5efe240fbdd22264e7caf3784e7fd56d689fc430610e13cc,0d3eb13046a372114ff88ccf4c3705c1d86a0f99f77e3dd055114c14340c20d3,1d559d71018a1652f7e7ea352185deaf9c11420c0f4811ce1ffea7b53ec48c14,244ad738f56b01d328f91039685b6fec0616e0112357dbd08f30d0e617459265,0.183841471,0.195046095,0000
944,001a,0010,e3b0c44298fc1c149afbf4c8996fb92427ae41e4649b934ca495991b7852b855,e3b0c44298fc1c149afbf4c8996fb92427ae41e4649b934ca495991b7852b855,afea64700bfac3ae38fd5f1b828d68201e44b1a3c0f1b7de17828335e514836d,943360a9a5818959e33aa851d0ac4831c347ca8ca4b98b4e7e95a6abb99fcb34,e010ed09d4baf4ac5efe240fbdd22264e7caf3784e7fd56d689fc430610e13cc,0d3eb13046a372114ff88ccf4c3705c1d86a0f99f77e3dd055114c14340c20d3,0f1b88aab03aab72a39ade1f292b38ed5a3d13d60506e35cd90e41d62a9f6dc1,f769ed986ec6b149259e529b4ef1273fd4e2b184ec05bc72d11989d527997df8,0.183839788,0.196148096,0000
945,001a,0010,e3b0c44298fc1c149afbf4c8996fb92427ae41e4649b934ca495991b7852b855,e3b0c44298fc1c149afbf4c8996fb92427ae41e4649b934ca495991b7852b855,a69977e0b2aeed44b8bc045d740ee7b7006de6ec2a6607fdf4d8d7c2be198bef,943360a9a5818959e33aa851d0ac4831c347ca8ca4b98b4e7e95a6abb99fcb34,e010ed09d4baf4ac5efe240fbdd22264e7caf3784e7fd56d689fc430610e13cc,0d3eb13046a372114ff88ccf4c3705c1d86a0f99f77e3dd055114c14340c20d3,29d3ef1ec4b3ac93706c4494a39740ef5803f7a257e8d4e6c36ff7bd9efd28f3,694fac439a149745bf4c2895a9779bac170cad457597880aad4603c204cd97c7,0.183838240,0.196153193,0000
946,001a,0010,e3b0c44298fc1c149afbf4c8996fb92427ae41e4649b934ca495991b7852b855,e3b0c44298fc1c149afbf4c8996fb92427ae41e4649b934ca495991b7852b855,407eeef7bf29b0fee9c26f337ec2276869c7988b86e37b5b2e1b3b16c67d71fe,943360a9a5818959e33aa851d0ac4831c347ca8ca4b98b4e7e95a6abb99fcb34,e010ed09d4baf4ac5efe240fbdd22264e7caf3784e7fd56d689fc430610e13cc,0d3eb13046a372114ff88ccf4c3705c1d86a0f99f77e3dd055114c14340c20d3,0668480e4e0db0736b003ae42c2de16da99af65eaa28fa94db0e8ee2c3a6a5e6,8fa2496633cd53c82e8741fe2a234f06cdbb8f43aafa7195027fcb5f41a7db30,0.183845567,0.196151336,0000
947,001a,0010,e3b0c44298fc1c149afbf4c8996fb92427ae41e4649b934ca495991b7852b855,e3b0c44298fc1c149afbf4c8996fb92427ae41e4649b934ca495991b7852b855,71bd569a0567ec19add800ca41c41d4101fdff3b4b0a1e74dfefc75fe8f4cc91,943360a9a5818959e33aa851d0ac4831c347ca8ca4b98b4e7e95a6abb99fcb34,e010ed09d4baf4ac5efe240fbdd22264e7caf3784e7fd56d689fc430610e13cc,0d3eb13046a372114ff88ccf4c3705c1d86a0f99f77e3dd055114c14340c20d3,30bd40fb447c3195eb222467391ee9a7977edf8d33f73f25c0431cf70889d63c,6e331447b9257ec9f43ca10b4f85451a1a258e2718b03d6533380fda6e970f59,0.183943449,0.195043078,0000
948,001a,0010,e3b0c44298fc1c149afbf4c8996fb92427ae41e4649b934ca495991b7852b855,e3b0c44298fc1c149afbf4c8996fb92427ae41e4649b934ca495991b7852b855,b134ef4952f0956298d5ebf59fcb0e6a1d113dce4c9387040aa4cfeb7904db19,943360a9a5818959e33aa851d0ac4831c347ca8ca4b98b4e7e95a6abb99fcb34,e010ed09d4baf4ac5efe240fbdd22264e7caf3784e7fd56d689fc430610e13cc,0d3eb13046a372114ff88ccf4c3705c1d86a0f99f77e3dd055114c14340c20d3,ea8226a76e1a4f5e2ec067dbe5aaf8634555171b7ce2f8ef38a3356e92c98e02,03501225352b144943fd24c0c37c9fb229669c3bf115bdd65ac79f066213a59d,0.182840954,0.195152047,0000
949,001a,0010,e3b0c44298fc1c149afbf4c8996fb92427ae41e4649b934ca495991b7852b855,e3b0c44298fc1c149afbf4c8996fb92427ae41e4649b934ca495991b7852b855,6e435a2d28a63cc1b72c72ec7723f37a960f0d58beee8c6e4e51793978c4b3c1,943360a9a5818959e33aa851d0ac4831c347ca8ca4b98b4e7e95a6abb99fcb34,e010ed09d4baf4ac5efe240fbdd22264e7caf3784e7fd56d689fc430610e13cc,0d3eb13046a372114ff88ccf4c3705c1d86a0f99f77e3dd055114c14340c20d3,6642db2bc789a62a6270299facb093f0185bd369d715a512635460a963896f43,768574acc3ded25607f44d2fd492393833e34e57038b999ab5649b685faccdd1,0.183745768,0.195149183,0000
950,001a,0010,e3b0c44298fc1c149afbf4c8996fb92427ae41e4649b934ca495991b7852b855,e3b0c44298fc1c149afbf4c8996fb92427ae41e4649b934ca495991b7852b855,0fc8107e264fdcef3abfe96943867afc7469680753c718e8e88d24b25c4958cb,943360a9a5818959e33aa851d0ac4831c347ca8ca4b98b4e7e95a6abb99fcb34,e010ed09d4baf4ac5efe240fbdd22264e7caf3784e7fd56d689fc430610e13cc,0d3eb13046a372114ff88ccf4c3705c1d86a0f99f77e3dd055114c14340c20d3,75351eaba9f60e1e717cd72e2a87a2bcd1ca81a97a0882da0a095f2fb3e0e63f,689a44a63d5a2b00ec54084ad5f0a4830e501a01a1fa4156e596eaf7e5037c29,0.184052788,0.196140315,0000
951,001a,0010,e3b0c44298fc1c149afbf4c8996fb92427ae41e4649b934ca495991b7852b855,e3b0c44298fc1c149afbf4c8996fb92427ae41e4649b934ca495991b7852b855,d181ba8d29b7d4e125b2c456e8264de143ab76f62f652a14de5e14eee9f74a7e,943360a9a5818959e33aa851d0ac4831c347ca8ca4b98b4e7e95a6abb99fcb34,e010ed09d4baf4ac5efe240fbdd22264e7caf3784e7fd56d689fc430610e13cc,0d3eb13046a372114ff88ccf4c3705c1d86a0f99f77e3dd055114c14340c20d3,2489d60ad0edbab6f4b7da08606a30f53139ef7556ffac70ca4df91b5a63e441,14bc52ccc52bb0983001813d07e59df643ac1b153c59c1f81283fc4ded8ee55f,0.183823926,0.194946453,0000
952,001a,0010,e3b0c44298fc1c149afbf4c8996fb92427ae41e4649b934ca495991b7852b855,e3b0c44298fc1c149afbf4c8996fb92427ae41e4649b934ca495991b7852b855,272975aa72f0beeb623642542da4fe059aeb7ac63f68dc948970e6ae618cf151,943360a9a5818959e33aa851d0ac4831c347ca8ca4b98b4e7e95a6abb99fcb34,e010ed09d4baf4ac5efe240fbdd22264e7caf3784e7fd56d689fc430610e13cc,0d3eb13046a372114ff88ccf4c3705c1d86a0f99f77e3dd055114c14340c20d3,d3bfa9b5818420808d951c6071826e2d91e8dd40d7176829e17bc7bfec9c5073,8f5713f6c29d61923162623a0f6c8f5e3f52669a598b3592baf04b3b2823d45e,0.183876580,0.194266905,0000
953,001a,0010,e3b0c44298fc1c149afbf4c8996fb92427ae41e4649b934ca495991b7852b855,e3b0c44298fc1c149afbf4c8996fb92427ae41e4649b934ca495991b7852b855,43a60d881fa969c40807e42db3d2ec1e74a7ecacf255a284a6726ed32391fe41,943360a9a5818959e33aa851d0ac4831c347ca8ca4b98b4e7e95a6abb99fcb34,e010ed09d4baf4ac5efe240fbdd22264e7caf3784e7fd56d689fc430610e13cc,0d3eb13046a372114ff88ccf4c3705c1d86a0f99f77e3dd055114c14340c20d3,859b62e43450164c866bb2789a802ed9c0413ac3f02982b39bbf30e368ae2bb4,b504c647686c3a0e6ece6acffa079aa1b30921aceb9863b7ed4cb190e182ed7e,0.183846317,0.196120908,0000
954,001a,0010,e3b0c44298fc1c149afbf4c8996fb92427ae41e4649b934ca495991b7852b855,e3b0c44298fc1c149afbf4c8996fb92427ae41e4649b934ca495991b7852b855,fe6afdf2a153bc41808afc942af475a8c511789ea361538acbc0aded87865f86,943360a9a5818959e33aa851d0ac4831c347ca8ca4b98b4e7e95a6abb99fcb34,e010ed09d4baf4ac5efe240fbdd22264e7caf3784e7fd56d689fc430610e13cc,0d3eb13046a372114ff88ccf4c3705c1d86a0f99f77e3dd055114c14340c20d3,ae07bfe7da8549538880b84b32a9ae4a66c267c431472a794bf2175f673efcbe,9665ed03f71e850f3cd12b3489147638241780c984d702006127c1c8db97b9bb,0.183065350,0.195954167,0000
955,001a,0010,e3b0c44298fc1c149afbf4c8996fb92427ae41e4649b934ca495991b7852b855,e3b0c44298fc1c149afbf4c8996fb92427ae41e4649b934ca495991b7852b855,292e9ce7e610e48abe1fc65619e0446191167ba7cfd5be07eca536a22a139240,943360a9a5818959e33aa851d0ac4831c347ca8ca4b98b4e7e95a6abb99fcb34,e010ed09d4baf4ac5efe240fbdd22264e7caf3784e7fd56d689fc430610e13cc,0d3eb13046a372114ff88ccf4c3705c1d86a0f99f77e3dd055114c14340c20d3,0ac170d9be3c992d8c2083082e98f7b49024ec4cbee45a4df5d19a3a4ad9da71,f9a3e912263e39dabcce9c5c10ae255412c2a10b94b63aa67f3b346e94462772,0.186811031,0.196154801,0000
956,001a,0010,e3b0c44298fc1c149afbf4c8996fb92427ae41e4649b934ca495991b7852b855,e3b0c44298fc1c149afbf4c8996fb92427ae41e4649b934ca495991b7852b855,4dd11194ed3ab78e0d49e6fadad2cfb92efdf9a6e7ccb63b4b04fae159991eb3,943360a9a5818959e33aa851d0ac4831c347ca8ca4b98b4e7e95a6abb99fcb34,e010ed09d4baf4ac5efe240fbdd22264e7caf3784e7fd56d689fc430610e13cc,0d3eb13046a372114ff88ccf4c3705c1d86a0f99f77e3dd055114c14340c20d3,92f24250bc7fdf32f0f46a94e9dc44d42bf3bed8d4bc6a86c0613f510a1b509e,cd2d36e56a9388e011014d8dc06faa8fa77b165d4443ac177c36564035072353,0.183945549,0.195037477,0000
957,001a,0010,e3b0c44298fc1c149afbf4c8996fb92427ae41e4649b934ca495991b7852b855,e3b0c44298fc1c149afbf4c8996fb92427ae41e4649b934ca495991b7852b855,8030cf56f5abb46ea1178728c7bbf9d97e2091929685b0ac70a50cb847da703a,943360a9a5818959e33aa851d0ac4831c347ca8ca4b98b4e7e95a6abb99fcb34,e010ed09d4baf4ac5efe240fbdd22264e7caf3784e7fd56d689fc430610e13cc,0d3eb13046a372114ff88ccf4c3705c1d86a0f99f77e3dd055114c14340c20d3,de283062d117c5a8be5539d962f1a976041d117aa1269dd9510312e4bec51950,615e8282a19e1393fb119141ddae77488eec232c1c81f74f9398ec4c3629000f,0.186168765,0.195927780,0000
958,001a,0010,e3b0c44298fc1c149afbf4c8996fb92427ae41e4649b934ca495991b7852b855,e3b0c44298fc1c149afbf4c8996fb92427ae41e4649b934ca495991b7852b855,ddf84ed4baad0bcae52e14f2e393356a4080eda2fa0ccd399dbe04b82456716d,943360a9a5818959e33aa851d0ac4831c347ca8ca4b98b4e7e95a6abb99fcb34,e010ed09d4baf4ac5efe240fbdd22264e7caf3784e7fd56d689fc430610e13cc,0d3eb13046a372114ff88ccf4c3705c1d86a0f99f77e3dd055114c14340c20d3,cdff82d1208a1043ee2893181b84850f4a0239509369ae747f20b932bd200978,a82d657b69fec54c75d3035de7e6b75f11bcd8933cb9be492ada847ef29ce326,0.183717149,0.195050294,0000
959,001a,0010,e3b0c44298fc1c149afbf4c8996fb92427ae41e4649b934ca495991b7852b855,e3b0c44298fc1c149afbf4c8996fb92427ae41e4649b934ca495991b7852b855,19edfb09286dbdd931f4217fa0418e8f5f0f9c792a2c1097ab9759482d48837f,943360a9a5818959e33aa851d0ac4831c347ca8ca4b98b4e7e95a6abb99fcb34,e010ed09d4baf4ac5efe240fbdd22264e7caf3784e7fd56d689fc430610e13cc,0d3eb13046a372114ff88ccf4c3705c1d86a0f99f77e3dd055114c14340c20d3,bf266f31620c8b027ace6d4be8282adb1340e761e11978b5a213d3e2520f9619,87153e8b69314c5e04e600a3458d840b2a09723f756b3ccb0ceafe28311b71ee,0.184052589,0.196168131,0000
960,001a,0010,e3b0c44298fc1c149afbf4c8996fb92427ae41e4649b934ca495991b7852b855,e3b0c44298fc1c149afbf4c8996fb92427ae41e4649b934ca495991b7852b855,540c66f4078b3fcabfb70d1263c43c43e887b6ea006f1f72bab18a5a4e6ef3bc,943360a9a5818959e33aa851d0ac4831c347ca8ca4b98b4e7e95a6abb99fcb34,e010ed09d4baf4ac5efe240fbdd22264e7caf3784e7fd56d689fc430610e13cc,0d3eb13046a372114ff88ccf4c3705c1d86a0f99f77e3dd055114c14340c20d3,e76545c62be97a6c5b28f233c12a07342292cbd11d0bd420cf96e34718dd45b3,6014c29269b2f7017a292486820e3499c04985d90b2e6f349d183af7347bc016,0.182937230,0.195052688,0000
961,001a,0010,e3b0c44298fc1c149afbf4c8996fb92427ae41e4649b934ca495991b7852b855,e3b0c44298fc1c149afbf4c8996fb92427ae41e4649b934ca495991b7852b855,6a1e9a3cacb0955b1cd3052e0f1b17cf0252519c6bae60e848e7c2feb0858ef6,943360a9a5818959e33aa851d0ac4831c347ca8ca4b98b4e7e95a6abb99fcb34,e010ed09d4baf4ac5efe240fbdd22264e7caf3784e7fd56d689fc430610e13cc,0d3eb13046a372114ff88ccf4c3705c1d86a0f99f77e3dd055114c14340c20d3,c701d68638c196a5db5668c66fc28b08cae06be0e997de43af32d866215eead1,4ff215b2a1dff85cf26ab7a019b1076e04451f286915f3121a3af2e14db50c41,0.183946773,0.194941502,0000
962,001a,0010,e3b0c44298fc1c149afbf4c8996fb92427ae41e4649b934ca495991b7852b855,e3b0c44298fc1c149afbf4c8996fb92427ae41e4649b934ca495991b7852b855,8f739c73d61570f51d0b8f8e7257e905439b852b3da920d62321eef679232eb6,943360a9a5818959e33aa851d0ac4831c347ca8ca4b98b4e7e95a6abb99fcb34,e010ed09d4baf4ac5efe240fbdd22264e7caf3784e7fd56d689fc430610e13cc,0d3eb13046a372114ff88ccf4c3705c1d86a0f99f77e3dd055114c14340c20d3,5341309f1661a0dfd5d6b08871ba60490c4f7f3d507037c4116efecac8db52c0,95d9599269da30947a007cbdaaa8de241774833274c7d2fc15b4b95cec127bd2,0.183942789,0.196045559,0000
963,001a,0010,e3b0c44298fc1c149afbf4c8996fb92427ae41e4649b934ca495991b7852b855,e3b0c44298fc1c149afbf4c8996fb92427ae41e4649b934ca495991b7852b855,619757035efe6e2174fde89e9164c67e17001537b6e0bd71693525b12486ba28,943360a9a5818959e33aa851d0ac4831c347ca8ca4b98b4e7e95a6abb99fcb34,e010ed09d4baf4ac5efe240fbdd22264e7caf3784e7fd56d689fc430610e13cc,0d3eb13046a372114ff88ccf4c3705c1d86a0f99f77e3dd055114c14340c20d3,3cdd71287772f667d3f8012015fa6b1126e61c9511ddeda8bfe53deea1690562,cbf1f12770167cbbd7807ee4b7a94e66f58f559aea9b18080bed6639eae6c1df,0.186897610,0.196201469,0000
964,001a,0010,e3b0c44298fc1c149afbf4c8996fb92427ae41e4649b934ca495991b7852b855,e3b0c44298fc1c149afbf4c8996fb92427ae41e4649b934ca495991b7852b855,db8415101a824fae68de1e412b1940ae67e36575e70a49801b24cbae6179b42a,943360a9a5818959e33aa851d0ac4831c347ca8ca4b98b4e7e95a6abb99fcb34,e010ed09d4baf4ac5efe240fbdd22264e7caf3784e7fd56d689fc430610e13cc,0d3eb13046a372114ff88ccf4c3705c1d86a0f99f77e3dd055114c14340c20d3,6bdefceb9ed542c437451b6de282422efd053720e53502ebcc4904ea9e821c62,773e4f586a7f20dee796f11d460f85900224e18cabfb88b72c1effbb88b479c9,0.183938703,0.194829872,0000
965,001a,0010,e3b0c44298fc1c149afbf4c8996fb92427ae41e4649b934ca495991b7852b855,e3b0c44298fc1c149afbf4c8996fb92427ae41e4649b934ca495991b7852b855,887859e6fe67a34f793eebed2265dcd1702a2c6b394ece5b7de5eaf58fdef40d,943360a9a5818959e33aa851d0ac4831c347ca8ca4b98b4e7e95a6abb99fcb34,e010ed09d4baf4ac5efe240fbdd22264e7caf3784e7fd56d689fc430610e13cc,0d3eb13046a372114ff88ccf4c3705c1d86a0f99f77e3dd055114c14340c20d3,46590b714077d77eb4c42a0add3f4148b5498324c8f49a698fda29728534ec68,6ff85bfd82361309a26d8dbde694254c16c5e7bfe1145ae8c333e605300e74d7,0.183946445,0.194167878,0000
966,001a,0010,e3b0c44298fc1c149afbf4c8996fb92427ae41e4649b934ca495991b7852b855,e3b0c44298fc1c149afbf4c8996fb92427ae41e4649b934ca495991b7852b855,556732ede47d1ccbf54328cabdfd4674dfc57f651436b66e1940d45fcf96157a,943360a9a5818959e33aa851d0ac4831c347ca8ca4b98b4e7e95a6abb99fcb34,e010ed09d4baf4ac5efe240fbdd22264e7caf3784e7fd56d689fc430610e13cc,0d3eb13046a372114ff88ccf4c3705c1d86a0f99f77e3dd055114c14340c20d3,83eb4be61166ed582a1b2b869c65703990fb0838d79eb6d165890082b9337a55,c2b0ff66fe259daddbfbf69cdc081aa98052ad02ea1269f141439a98defdd580,0.183943270,0.195149710,0000
967,001a,0010,e3b0c44298fc1c149afbf4c8996fb92427ae41e4649b934ca495991b7852b855,e3b0c44298fc1c149afbf4c8996fb92427ae41e4649b934ca495991b7852b855,2ff90bfc5c04f0b2b2dbe78a5dd08d8db60848ae4265a11bd0e74ee3214e9513,943360a9a5818959e33aa851d0ac4831c347ca8ca4b98b4e7e95a6abb99fcb34,e010ed09d4baf4ac5efe240fbdd22264e7caf3784e7fd56d689fc430610e13cc,0d3eb13046a372114ff88ccf4c3705c1d86a0f99f77e3dd055114c14340c20d3,5d2343e29eb1c308e9aa321c1c9385ad36f853bcf5b042e9e1935c2c82cf2fd3,d6e57ef7664ec0198c3ee6fc9a2a9d8219ec61a5add0801a3bac68a50a97effc,0.183954443,0.195048394,0000
968,001a,0010,e3b0c44298fc1c149afbf4c8996fb92427ae41e4649b934ca495991b7852b855,e3b0c44298fc1c149afbf4c8996fb92427ae41e4649b934ca495991b7852b855,2d3e49be2a12c1a325abde82342d032b33074d3eb37221c0e88bd83aeaf90a06,943360a9a5818959e33aa851d0ac4831c347ca8ca4b98b4e7e95a6abb99fcb34,e010ed09d4baf4ac5efe240fbdd22264e7caf3784e7fd56d689fc430610e13cc,0d3eb13046a372114ff88ccf4c3705c1d86a0f99f77e3dd055114c14340c20d3,573afb3fd78b732d544c8511f97f7da25c2b02f0f12adb72cb9b9c9db7ff3ad1,9b8edeb1deeec2500732adc4715020ce969be13bef0810c4d6634336ff3166a7,0.183947355,0.193933674,0000
969,001a,0010,e3b0c44298fc1c149afbf4c8996fb92427ae41e4649b934ca495991b7852b855,e3b0c44298fc1c149afbf4c8996fb92427ae41e4649b934ca495991b7852b855,79e7d51a24ce9720bf2f2ceb861174843af7c029bb2eebe569efca0aed16407d,943360a9a5818959e33aa851d0ac4831c347ca8ca4b98b4e7e95a6abb99fcb34,e010ed09d4baf4ac5efe240fbdd22264e7caf3784e7fd56d689fc430610e13cc,0d3eb13046a372114ff88ccf4c3705c1d86a0f99f77e3dd055114c14340c20d3,f44c1dd718b96da5981c77c1c6b5479a76146b57e0edd38762de95d44ac29004,d8bf8e60a5bc67486388ab7d415a0081fe005c4586e31559d2c930babaf1e373,0.185944889,0.196045682,0000
970,001a,0010,e3b0c44298fc1c149afbf4c8996fb92427ae41e4649b934ca495991b7852b855,e3b0c44298fc1c149afbf4c8996fb92427ae41e4649b934ca495991b7852b855,e1a3311c33ba3314fc6629c6057317e645de1d64554ae8a9ea24a616f291d7c0,943360a9a5818959e33aa851d0ac4831c347ca8ca4b98b4e7e95a6abb99fcb34,e010ed09d4baf4ac5efe240fbdd22264e7caf3784e7fd56d689fc430610e13cc,0d3eb13046a372114ff88ccf4c3705c1d86a0f99f77e3dd055114c14340c20d3,959f5ffcf633ff4dd37dd7fb8b5dd44b0214a5b836ff6632ed083e5596155905,ef6900716b67a69fe52fd1bafe38f1c5ecd13b1b81f1b5b45e801793490c0320,0.184027150,0.195037198,0000
971,001a,0010,e3b0c44298fc1c149afbf4c8996fb92427ae41e4649b934ca495991b7852b855,e3b0c44298fc1c149afbf4c8996fb92427ae41e4649b934ca495991b7852b855,a0e486031774a5520aa5d0bc7bbacb0b9d33b3818a09671bcd4c4f8d677c8260,943360a9a5818959e33aa851d0ac4831c347ca8ca4b98b4e7e95a6abb99fcb34,e010ed09d4baf4ac5efe240fbdd22264e7caf3784e7fd56d689fc430610e13cc,0d3eb13046a372114ff88ccf4c3705c1d86a0f99f77e3dd055114c14340c20d3,81c6e2733ecdee2ee22d577d8720bbc483808da4e47ec878068150dfdb38f663,1c86f36875343cc8eb8eaa14c745a179b09bea0c3fc2f511d719220f086b0e50,0.183941205,0.195085195,0000
972,001a,0010,e3b0c44298fc1c149afbf4c8996fb92427ae41e4649b934ca495991b7852b855,e3b0c44298fc1c149afbf4c8996fb92427ae41e4649b934ca495991b7852b855,3ff92dcbbd46131585ac460f5aa7ff0085a8d14ea6b302c1628c3eb73968bba9,943360a9a5818959e33aa851d0ac4831c347ca8ca4b98b4e7e95a6abb99fcb34,e010ed09d4baf4ac5efe240fbdd22264e7caf3784e7fd56d689fc430610e13cc,0d3eb13046a372114ff88ccf4c3705c1d86a0f99f77e3dd055114c14340c20d3,df0c2f7d918b2653b3928064bde9bb944a27df3db69bcd9ae8cd655e074a89d4,917bc12d247c21e35eb4623492553bef1e2b64b65922f65d5f32f6046888d148,0.183797637,0.194968485,0000
973,001a,0010,e3b0c44298fc1c149afbf4c8996fb92427ae41e4649b934ca495991b7852b855,e3b0c44298fc1c149afbf4c8996fb92427ae41e4649b934ca495991b7852b855,25f62d1a13bbab13a645a7ab1d5ab9a133cd9fad90c2ccfe5d2d7bbb1a4249ec,943360a9a5818959e33aa851d0ac4831c347ca8ca4b98b4e7e95a6abb99fcb34,e010ed09d4baf4ac5efe240fbdd22264e7caf3784e7fd56d689fc430610e13cc,0d3eb13046a372114ff88ccf4c3705c1d86a0f99f77e3dd055114c14340c20d3,9a586b7f61f1cdf0266e754fd6e994764a2f792f884e566c7b85ef8b305b685a,aba366e7e23428f6011d823a14de09225ac174d9e9d2deae1a8842fa0715f3e6,0.182924590,0.196290171,0000
974,001a,0010,e3b0c44298fc1c149afbf4c8996fb92427ae41e4649b934ca495991b7852b855,e3b0c44298fc1c149afbf4c8996fb92427ae41e4649b934ca495991b7852b855,7bd50eba264be68ddae9569d0de32ed5a3286ff3a02b4f973b15c37c5a637892,943360a9a5818959e33aa851d0ac4831c347ca8ca4b98b4e7e95a6abb99fcb34,e010ed09d4baf4ac5efe240fbdd22264e7caf3784e7fd56d689fc430610e13cc,0d3eb13046a372114ff88ccf4c3705c1d86a0f99f77e3dd055114c14340c20d3,706ae0d9600f63a97be07437e0fab21720354adff4ef58b81005e63869410de9,f177c10f246143db69c4f40e561a23c173122a2b5931abeadcd71ee7fac336ec,0.183847173,0.195044689,0000
975,001a,0010,e3b0c44298fc1c149afbf4c8996fb92427ae41e4649b934ca495991b7852b855,e3b0c44298fc1c149afbf4c8996fb92427ae41e4649b934ca495991b7852b855,497e32e4023399cf9a81f3ec8a37b1f85607adea7361d60c800095e5d871a334,943360a9a5818959e33aa851d0ac4831c347ca8ca4b98b4e7e95a6abb99fcb34,e010ed09d4baf4ac5efe240fbdd22264e7caf3784e7fd56d689fc430610e13cc,0d3eb13046a372114ff88ccf4c3705c1d86a0f99f77e3dd055114c14340c20d3,75774d82eccb61af6db8efdbd9308ae98ae7e74224a86d0ddbdc131ac5d8d486,3ea2d8c4c7f24cb84937caa97da1f4e395052e1cbd59b0dd8a25ed1c70a81bff,0.186074751,0.194951478,0000
976,001a,0010,e3b0c44298fc1c149afbf4c8996fb92427ae41e4649b934ca495991b7852b855,e3b0c44298fc1c149afbf4c8996fb92427ae41e4649b934ca495991b7852b855,c2cefe902b2c7ecef7f456d2198be0e2e28078338582e6e2ae02706e7224b219,943360a9a5818959e33aa851d0ac4831c347ca8ca4b98b4e7e95a6abb99fcb34,e010ed09d4baf4ac5efe240fbdd22264e7caf3784e7fd56d689fc430610e13cc,0d3eb13046a372114ff88ccf4c3705c1d86a0f99f77e3dd055114c14340c20d3,e6bcdd39018121e251fca06dfa21c656d5b6ae88958d5d42594a6dd9f8241c84,42594a705eeb11dd48149ab61b3fbecdcbe5ae4d23718d925b8c7a44c9282245,0.183947206,0.195114581,0000
977,001a,0010,e3b0c44298fc1c149afbf4c8996fb92427ae41e4649b934ca495991b7852b855,e3b0c44298fc1c149afbf4c8996fb92427ae41e4649b934ca495991b7852b855,cc4b6f4c0295c8826b1d3ce4a55ce1cf86c2446f6974b7e51ea32a9c8ff4bd34,943360a9a5818959e33aa851d0ac4831c347ca8ca4b98b4e7e95a6abb99fcb34,e010ed09d4baf4ac5efe240fbdd22264e7caf3784e7fd56d689fc430610e13cc,0d3eb13046a372114ff88ccf4c3705c1d86a0f99f77e3dd055114c14340c20d3,34ce47c0c3e7782c9c2e29a705605fbad8b3d8b57b0734e57062d64c2e07d147,2d1e590ff5a68aab2197741fb9ef33777c170a47eb6d4b5f8ecc18376c4bd226,0.183723424,0.195043716,0000
978,001a,0010,e3b0c44298fc1c149afbf4c8996fb92427ae41e4649b934ca495991b7852b855,e3b0c44298fc1c149afbf4c8996fb92427ae41e4649b934ca495991b7852b855,b661d2d4cb7dc74c3910b8eca964166ef4ea95e1bc98cc78b45d514034bebfc5,943360a9a5818959e33aa851d0ac4831c347ca8ca4b98b4e7e95a6abb99fcb34,e010ed09d4baf4ac5efe240fbdd22264e7caf3784e7fd56d689fc430610e13cc,0d3eb13046a372114ff88ccf4c3705c1d86a0f99f77e3dd055114c14340c20d3,8f6efec9549dd53cb7f9d85d29967cd74b5e739414c15c14f94cd3bbef9932ca,bea26783761429b526c9592e5d10c4b156db012c89334d68e0e3e487c7484a23,0.183960131,0.196146527,0000
979,001a,0010,e3b0c44298fc1c149afbf4c8996fb92427ae41e4649b934ca495991b7852b855,e3b0c44298fc1c149afbf4c8996fb92427ae41e4649b934ca495991b7852b855,f38ae425c843204b97689cee0215dd2b94c9e222686603b28f66cd67a91eca32,943360a9a5818959e33aa851d0ac4831c347ca8ca4b98b4e7e95a6abb99fcb34,e010ed09d4baf4ac5efe240fbdd22264e7caf3784e7fd56d689fc430610e13cc,0d3eb13046a372114ff88ccf4c3705c1d86a0f99f77e3dd055114c14340c20d3,b5eec4c68289a9b0a2df6da4c963f5e164ad8873913b1c0f7f6014f7d8e0ad4f,c2bf59350610c2b2cd7e76846c697c3e5a5edb81f1ce37e476c20f107033edd6,0.183944060,0.195154038,0000
980,001a,0010,e3b0c44298fc1c149afbf4c8996fb92427ae41e4649b934ca495991b7852b855,e3b0c44298fc1c149afbf4c8996fb92427ae41e4649b934ca495991b7852b855,e7c89a54b633398abfd7836141d33657a544f562568095882f86e412f48c2baf,943360a9a5818959e33aa851d0ac4831c347ca8ca4b98b4e7e95a6abb99fcb34,e010ed09d4baf4ac5efe240fbdd22264e7caf3784e7fd56d689fc430610e13cc,0d3eb13046a372114ff88ccf4c3705c1d86a0f99f77e3dd055114c14340c20d3,bf6eb68346e0285fbe3a9b5aa75cc204e825e50828f73d595c4c4d38e9294c13,608784bc65787a25180990dfe4e96f46de538e47f4159519c16682279fc14f40,0.184051648,0.194943766,0000
981,001a,0010,e3b0c44298fc1c149afbf4c8996fb92427ae41e4649b934ca495991b7852b855,e3b0c44298fc1c149afbf4c8996fb92427ae41e4649b934ca495991b7852b855,484dd4a6fee84474df31abf49bf4781bbd64416f2d2a4bdd6e30edc8362d40af,943360a9a5818959e33aa851d0ac4831c347ca8ca4b98b4e7e95a6abb99fcb34,e010ed09d4baf4ac5efe240fbdd22264e7caf3784e7fd56d689fc430610e13cc,0d3eb13046a372114ff88ccf4c3705c1d86a0f99f77e3dd055114c14340c20d3,5cc342cbe374f1dbf13100a9d12b99e9c0119abf7fa5a343c7752920e9b1093e,3305c15333667c6ddf6255bd857f42449f6922ba6c355aedfb333813f560218b,0.184049719,0.194938228,0000
982,001a,0010,e3b0c44298fc1c149afbf4c8996fb92427ae41e4649b934ca495991b7852b855,e3b0c44298fc1c149afbf4c8996fb92427ae41e4649b934ca495991b7852b855,54760b939bc0a88fc6a7aa88ceed526922b1fb9b13d901ac8fd6b3d179da8f15,943360a9a5818959e33aa851d0ac4831c347ca8ca4b98b4e7e95a6abb99fcb34,e010ed09d4baf4ac5efe240fbdd22264e7caf3784e7fd56d689fc430610e13cc,0d3eb13046a372114ff88ccf4c3705c1d86a0f99f77e3dd055114c14340c20d3,2f8aa9502e5ddcb6f96be809020c34e4ec068ba44a3565d65b0bf9cf26ad0602,06c8c49892dc11d9b5109fe55b7f1568085ea9faa5f8c39ffbc0dec747ae2873,0.183944372,0.195045503,0000
983,001a,0010,e3b0c44298fc1c149afbf4c8996fb92427ae41e4649b934ca495991b7852b855,e3b0c44298fc1c149afbf4c8996fb92427ae41e4649b934ca495991b7852b855,17da37b6b8de4d7c0d922dd1777872e147413711ceff1759458ac9594e460a8e,943360a9a5818959e33aa851d0ac4831c347ca8ca4b98b4e7e95a6abb99fcb34,e010ed09d4baf4ac5efe240fbdd22264e7caf3784e7fd56d689fc430610e13cc,0d3eb13046a372114ff88ccf4c3705c1d86a0f99f77e3dd055114c14340c20d3,65903fd9723c9b5efe0f97b820dfc2413a318d6f91e8122fb163a53976259d16,719049bda34789370624d2b21067d1e13b93d1cf859192967dffc8870ca9c4a3,0.183844260,0.195048072,0000
984,001a,0010,e3b0c44298fc1c149afbf4c8996fb92427ae41e4649b934ca495991b7852b855,e3b0c44298fc1c149afbf4c8996fb92427ae41e4649b934ca495991b7852b855,e21206425977f395bacfcc9f11257c90ae409447801ffe23b2168612f2a6ca84,943360a9a5818959e33aa851d0ac4831c347ca8ca4b98b4e7e95a6abb99fcb34,e010ed09d4baf4ac5efe240fbdd22264e7caf3784e7fd56d689fc430610e13cc,0d3eb13046a372114ff88ccf4c3705c1d86a0f99f77e3dd055114c14340c20d3,35e2e4bb8018b44ce7f8ceec02daefa40733c5d4346382f3645dd538d87d5f05,c45211cbd5eb2922bcd94842ca909e9d0e6e75bea218154bde3532fa5e0fe63b,0.185951753,0.196045297,0000
985,001a,0010,e3b0c44298fc1c149afbf4c8996fb92427ae41e4649b934ca495991b7852b855,e3b0c44298fc1c149afbf4c8996fb92427ae41e4649b934ca495991b7852b855,8641b376389c904db5100638d7e000e10342efa8b3c1eebd62277887f5627c52,943360a9a5818959e33aa851d0ac4831c347ca8ca4b98b4e7e95a6abb99fcb34,e010ed09d4baf4ac5efe240fbdd22264e7caf3784e7fd56d689fc430610e13cc,0d3eb13046a372114ff88ccf4c3705c1d86a0f99f77e3dd055114c14340c20d3,a062c842215c88d2a192c4d62007caaa6ec918be6b56684d66e0e9f470fbd3f0,f5df310232e04ceb3e76a7d45bdd9f76a5a8f5025b5f2aa6f8c25e432ec9efbc,0.185944271,0.195042670,0000
986,001a,0010,e3b0c44298fc1c149afbf4c8996fb92427ae41e4649b934ca495991b7852b855,e3b0c44298fc1c149afbf4c8996fb92427ae41e4649b934ca495991b7852b855,fa5eeb97ec7162c79b1694a1294cdec56fc721307d0c12a666526ee1bf84f4bc,943360a9a5818959e33aa851d0ac4831c347ca8ca4b98b4e7e95a6abb99fcb34,e010ed09d4baf4ac5efe240fbdd22264e7caf3784e7fd56d689fc430610e13cc,0d3eb13046a372114ff88ccf4c3705c1d86a0f99f77e3dd055114c14340c20d3,983f97978ac98b01abde3d0dfb23fb58e158a354d36f0207ae8812537af53d1b,2691195211cb46828a515d628f8bba05fbc8ad35c1271c61a4ead68853e9896a,0.186050181,0.196043069,0000
987,001a,0010,e3b0c44298fc1c149afbf4c8996fb92427ae41e4649b934ca495991b7852b855,e3b0c44298fc1c149afbf4c8996fb92427ae41e4649b934ca495991b7852b855,82c4578211f234b73513f7d882d8f23676eadbba10ce8b3794b4e7cd6cc2c151,943360a9a5818959e33aa851d0ac4831c347ca8ca4b98b4e7e95a6abb99fcb34,e010ed09d4baf4ac5efe240fbdd22264e7caf3784e7fd56d689fc430610e13cc,0d3eb13046a372114ff88ccf4c3705c1d86a0f99f77e3dd055114c14340c20d3,558ecd3c3b111742b4813cc0b7bdf8745ca9c0cb528e87d8bbc065c566a1edff,19ee115ed7b6bb0069589caffeed7b6f9f13b92c5100121fa738a2d0b3822929,0.183722453,0.195045228,0000
988,001a,0010,e3b0c44298fc1c149afbf4c8996fb92427ae41e4649b934ca495991b7852b855,e3b0c44298fc1c149afbf4c8996fb92427ae41e4649b934ca495991b7852b855,a154b1954f564f53770df4cc8fb2b99e2f34eca4f3a47bee748ed1ee21c49ea5,943360a9a5818959e33aa851d0ac4831c347ca8ca4b98b4e7e95a6abb99fcb34,e010ed09d4baf4ac5efe240fbdd22264e7caf3784e7fd56d689fc430610e13cc,0d3eb13046a372114ff88ccf4c3705c1d86a0f99f77e3dd055114c14340c20d3,78a9e42bbebcc55cad56b86f47bf725e37ad7917436626bb5131c4d96cc7c26a,c51eb1d355dc2767b533814edc932b0b4370ab3842306476b1c2924540bd4637,0.183945512,0.194168323,0000
989,001a,0010,e3b0c44298fc1c149afbf4c8996fb92427ae41e4649b934ca495991b7852b855,e3b0c44298fc1c149afbf4c8996fb92427ae41e4649b934ca495991b7852b855,0308f410094923fa834ce7ada5690eb45fc2947b9427305716bb25f75658fa80,943360a9a5818959e33aa851d0ac4831c347ca8ca4b98b4e7e95a6abb99fcb34,e010ed09d4baf4ac5efe240fbdd22264e7caf3784e7fd56d689fc430610e13cc,0d3eb13046a372114ff88ccf4c3705c1d86a0f99f77e3dd055114c14340c20d3,efd627827129f7aa2e4dc7eb1b8090d6ea8712cacef47585226e555949acf81b,e95b691e2219235324af9e8fbef9df1d9bcbec569e90fe5c68b55d0dfe684e1b,0.183917936,0.196072649,0000
990,001a,0010,e3b0c44298fc1c149afbf4c8996fb92427ae41e4649b934ca495991b7852b855,e3b0c44298fc1c149afbf4c8996fb92427ae41e4649b934ca495991b7852b855,fffd9020d0e514211f5a4b3d14bbabaaa846314bbdfe136d5b28deb51aab5f6f,943360a9a5818959e33aa851d0ac4831c347ca8ca4b98b4e7e95a6abb99fcb34,e010ed09d4baf4ac5efe240fbdd22264e7caf3784e7fd56d689fc430610e13cc,0d3eb13046a372114ff88ccf4c3705c1d86a0f99f77e3dd055114c14340c20d3,40678a53ac7f6744acd6d6b2a01413957197d38df493c5dc836f6786f6569c1c,18c87861c8e65baba6d7bf6b2fba3990d975daf105556dbfe049a711f773285d,0.183068375,0.195932987,0000
991,001a,0010,e3b0c44298fc1c149afbf4c8996fb92427ae41e4649b934ca495991b7852b855,e3b0c44298fc1c149afbf4c8996fb92427ae41e4649b934ca495991b7852b855,09ec851d68e7b97aef77465b5f4fb17d4059f6078b5f1e230b67abf285ca039a,943360a9a5818959e33aa851d0ac4831c347ca8ca4b98b4e7e95a6abb99fcb34,e010ed09d4baf4ac5efe240fbdd22264e7caf3784e7fd56d689fc430610e13cc,0d3eb13046a372114ff88ccf4c3705c1d86a0f99f77e3dd055114c14340c20d3,943f61fc65128745fa6733d71e81e73e38243e099e5c7c0d67fbb08e77facceb,d95841b19724ead20e53087e0f7e1b436becde591b3e3bb351769e5746fa946b,0.183838484,0.195146682,0000
992,001a,0010,e3b0c44298fc1c149afbf4c8996fb92427ae41e4649b934ca495991b7852b855,e3b0c44298fc1c149afbf4c8996fb92427ae41e4649b934ca495991b7852b855,b96c295e264be3936249830fcc5f38027b6b5ed2e24c38c562390e95f0db3fd9,943360a9a5818959e33aa851d0ac4831c347ca8ca4b98b4e7e95a6abb99fcb34,e010ed09d4baf4ac5efe240fbdd22264e7caf3784e7fd56d689fc430610e13cc,0d3eb13046a372114ff88ccf4c3705c1d86a0f99f77e3dd055114c14340c20d3,76c7eec5973a5da1f7549284bf334a6642c49bf0cf42e245aeea0a5392b2e53f,d726ed950de11016fee70c92364296a134303e7e581390dbc537b853965711ae,0.183948062,0.196045636,0000
993,001a,0010,e3b0c44298fc1c149afbf4c8996fb92427ae41e4649b934ca495991b7852b855,e3b0c44298fc1c149afbf4c8996fb92427ae41e4649b934ca495991b7852b855,c6b1e0e2e1c4e0ebaba46335f659ce6b61e0743c05a2e867918ec08c5875ec75,943360a9a5818959e33aa851d0ac4831c347ca8ca4b98b4e7e95a6abb99fcb34,e010ed09d4baf4ac5efe240fbdd22264e7caf3784e7fd56d689fc430610e13cc,0d3eb13046a372114ff88ccf4c3705c1d86a0f99f77e3dd055114c14340c20d3,7f8ebf861a4f0b229167fe82bef43a376fa67c83ded154ad1a4fa38bd6385fcc,eaf22477809e3a577b2233f9de29ad400a38d679f5a01908f09c17715060681e,0.183729009,0.196172087,0000
994,001a,0010,e3b0c44298fc1c149afbf4c8996fb92427ae41e4649b934ca495991b7852b855,e3b0c44298fc1c149afbf4c8996fb92427ae41e4649b934ca495991b7852b855,55692e675f2b6926eb30d757383d99d51e7ad43a0554af352286b88ccd2f157b,943360a9a5818959e33aa851d0ac4831c347ca8ca4b98b4e7e95a6abb99fcb34,e010ed09d4baf4ac5efe240fbdd22264e7caf3784e7fd56d689fc430610e13cc,0d3eb13046a372114ff88ccf4c3705c1d86a0f99f77e3dd055114c14340c20d3,c0eac1c31e7a522fcb82c4a47461715d605daa82b8e96b81310efca481262571,e044f70ce2f8095409e077aa063e01b0119a197239ff8188d6018bf6da66b843,0.183947155,0.196241631,0000
995,001a,0010,e3b0c44298fc1c149afbf4c8996fb92427ae41e4649b934ca495991b7852b855,e3b0c44298fc1c149afbf4c8996fb92427ae41e4649b934ca495991b7852b855,9175ddfdf3c797da5c597e84a834f8bf9f8aa09b5ead2cb335fa01a192c99dc2,943360a9a5818959e33aa851d0ac4831c347ca8ca4b98b4e7e95a6abb99fcb34,e010ed09d4baf4ac5efe240fbdd22264e7caf3784e7fd56d689fc430610e13cc,0d3eb13046a372114ff88ccf4c3705c1d86a0f99f77e3dd055114c14340c20d3,2ff3b92bff7ebf2e78c55ed5094f9f67fa88d97706221ed9ba1d66084fa6be13,5fbee89012aa33059cd386c8a25bbfc3dbd8d2716598f75d82be1fc3a9227eb5,0.183164328,0.194822741,0000
996,001a,0010,e3b0c44298fc1c149afbf4c8996fb92427ae41e4649b934ca495991b7852b855,e3b0c44298fc1c149afbf4c8996fb92427ae41e4649b934ca495991b7852b855,dbce472a24115a10ca53904c624864862a162be8554551662858026e6e99eb8b,943360a9a5818959e33aa851d0ac4831c347ca8ca4b98b4e7e95a6abb99fcb34,e010ed09d4baf4ac5efe240fbdd22264e7caf3784e7fd56d689fc430610e13cc,0d3eb13046a372114ff88ccf4c3705c1d86a0f99f77e3dd055114c14340c20d3,55c00c3b1fc2b5cbe8718873ea7993e908392e8e665cfda60e812c0a5ae47363,9c7e407f2e01a1c79f755f4a38698a8fb57e8aa7a4409710739fe0ccaf327cea,0.185942863,0.194949087,0000
997,001a,0010,e3b0c44298fc1c149afbf4c8996fb92427ae41e4649b934ca495991b7852b855,e3b0c44298fc1c149afbf4c8996fb92427ae41e4649b934ca495991b7852b855,9355f916aab68692f22d13abe15ce13690a274130af4565ab9a53da975725721,943360a9a5818959e33aa851d0ac4831c347ca8ca4b98b4e7e95a6abb99fcb34,e010ed09d4baf4ac5efe240fbdd22264e7caf3784e7fd56d689fc430610e13cc,0d3eb13046a372114ff88ccf4c3705c1d86a0f99f77e3dd055114c14340c20d3,9363b1f1ebf3c838b4913a1a87ddd4e916f73c5cbf244237e3af46cc9146c9b8,9685b3154af7da9a0f18c3c4e6ac0abfd44203e496e61291dbfdf9ccd74ae3c2,0.183833297,0.196158648,0000
998,001a,0010,e3b0c44298fc1c149afbf4c8996fb92427ae41e4649b934ca495991b7852b855,e3b0c44298fc1c149afbf4c8996fb92427ae41e4649b934ca495991b7852b855,4d023dfed7483b2745925acae2b778925e6b548f9ddeded195701e4f90d356c2,943360a9a5818959e33aa851d0ac4831c347ca8ca4b98b4e7e95a6abb99fcb34,e010ed09d4baf4ac5efe240fbdd22264e7caf3784e7fd56d689fc430610e13cc,0d3eb13046a372114ff88ccf4c3705c1d86a0f99f77e3dd055114c14340c20d3,6b8c4b1e335aa34c8a745bf6e75061ac831d5bbfd3e263cae15850973360b3f0,a7a3aaa25ff2300d028377e60e4e2af9e62265f6b3312aa107d026212bb0c542,0.183946052,0.194152225,0000
999,001a,0010,e3b0c44298fc1c149afbf4c8996fb92427ae41e4649b934ca495991b7852b855,e3b0c44298fc1c149afbf4c8996fb92427ae41e4649b934ca495991b7852b855,381457238c2a168679115896e060533f6ff58c407da5ea4be574bf97d9642169,943360a9a5818959e33aa851d0ac4831c347ca8ca4b98b4e7e95a6abb99fcb34,e010ed09d4baf4ac5efe240fbdd22264e7caf3784e7fd56d689fc430610e13cc,0d3eb13046a372114ff88ccf4c3705c1d86a0f99f77e3dd055114c14340c20d3,8d5c6b12d50ad3712384ed60cba0facc6c290f095ab33e3eb20d5e93c2ad8ab0,eeaa77fe617e6dcf4ac413ed476db099173e69bb2ef2a76050149601418c1423,0.183905332,0.195044714,0000
