duration,duration_extra,return_code
0.002891108,0.000000000,0000
0.002853872,0.000000000,0000
0.002674308,0.000000000,0000
0.002879676,0.000000000,0000
0.002760808,0.000000000,0000
0.002879521,0.000000000,0000
0.002894942,0.000000000,0000
0.002888478,0.000000000,0000
0.002553798,0.000000000,0000
0.002878019,0.000000000,0000
0.002892844,0.000000000,0000
0.002891488,0.000000000,0000
0.002889234,0.000000000,0000
0.002878663,0.000000000,0000
0.002671326,0.000000000,0000
0.002879988,0.000000000,0000
0.002879817,0.000000000,0000
0.002881992,0.000000000,0000
0.002891809,0.000000000,0000
0.002896517,0.000000000,0000
0.002881682,0.000000000,0000
0.002673601,0.000000000,0000
0.002891713,0.000000000,0000
0.002879623,0.000000000,0000
0.002879561,0.000000000,0000
0.002895895,0.000000000,0000
0.002888972,0.000000000,0000
0.002874642,0.000000000,0000
0.002674010,0.000000000,0000
0.002882466,0.000000000,0000
0.002892407,0.000000000,0000
0.002761069,0.000000000,0000
0.002880472,0.000000000,0000
0.002895566,0.000000000,0000
0.002675938,0.000000000,0000
0.002891756,0.000000000,0000
0.002879174,0.000000000,0000
0.002879595,0.000000000,0000
0.002896296,0.000000000,0000
0.002770739,0.000000000,0000
0.002673695,0.000000000,0000
0.002879527,0.000000000,0000
0.002881087,0.000000000,0000
0.002773272,0.000000000,0000
0.002881597,0.000000000,0000
0.002569768,0.000000000,0000
0.002873534,0.000000000,0000
0.002760844,0.000000000,0000
0.002878801,0.000000000,0000
0.002880456,0.000000000,0000
0.002594376,0.000000000,0000
0.002762386,0.000000000,0000
0.002880128,0.000000000,0000
0.002892088,0.000000000,0000
0.002885764,0.000000000,0000
0.002451733,0.000000000,0000
0.002877865,0.000000000,0000
0.002892682,0.000000000,0000
0.002895002,0.000000000,0000
0.002890332,0.000000000,0000
0.002875708,0.000000000,0000
0.002671851,0.000000000,0000
0.002880911,0.000000000,0000
0.002881326,0.000000000,0000
0.002891936,0.000000000,0000
0.002895328,0.000000000,0000
0.002890745,0.000000000,0000
0.002873133,0.000000000,0000
0.002672095,0.000000000,0000
0.002893566,0.000000000,0000
0.002897632,0.000000000,0000
0.002888472,0.000000000,0000
0.002882898,0.000000000,0000
0.002892704,0.000000000,0000
0.002855998,0.000000000,0000
0.002672803,0.000000000,0000
0.002880005,0.000000000,0000
0.002879366,0.000000000,0000
0.002880778,0.000000000,0000
0.002880407,0.000000000,0000
0.002890478,0.000000000,0000
0.002898915,0.000000000,0000
0.002557003,0.000000000,0000
0.002878354,0.000000000,0000
0.002880099,0.000000000,0000
0.002880480,0.000000000,0000
0.002761602,0.000000000,0000
0.002702965,0.000000000,0000
0.002880629,0.000000000,0000
0.002879736,0.000000000,0000
0.002760813,0.000000000,0000
0.002879555,0.000000000,0000
0.002587262,0.000000000,0000
0.002879611,0.000000000,0000
0.002761144,0.000000000,0000
0.002879794,0.000000000,0000
0.002882882,0.000000000,0000
0.002585078,0.000000000,0000
0.002760973,0.000000000,0000
0.002879304,0.000000000,0000
0.002891546,0.000000000,0000
0.002880602,0.000000000,0000
0.002577684,0.000000000,0000
0.002879910,0.000000000,0000
0.002879926,0.000000000,0000
0.002892954,0.000000000,0000
0.002879832,0.000000000,0000
0.002882781,0.000000000,0000
0.002573122,0.000000000,0000
0.002880751,0.000000000,0000
0.002879909,0.000000000,0000
0.002880623,0.000000000,0000
0.002881005,0.000000000,0000
0.002880849,0.000000000,0000
0.002581418,0.000000000,0000
0.002880690,0.000000000,0000
0.002879527,0.000000000,0000
0.002880641,0.000000000,0000
0.002893295,0.000000000,0000
0.002885461,0.000000000,0000
0.002565799,0.000000000,0000
0.002880891,0.000000000,0000
0.002881104,0.000000000,0000
0.002880849,0.000000000,0000
0.002881616,0.000000000,0000
0.002880915,0.000000000,0000
0.002581443,0.000000000,0000
0.002880293,0.000000000,0000
0.002891251,0.000000000,0000
0.002879692,0.000000000,0000
0.002879649,0.000000000,0000
0.002882195,0.000000000,0000
0.002902683,0.000000000,0000
0.002551822,0.000000000,0000
0.002885503,0.000000000,0000
0.002896513,0.000000000,0000
0.002899542,0.000000000,0000
0.002778080,0.000000000,0000
0.002650690,0.000000000,0000
0.002901352,0.000000000,0000
0.002889213,0.000000000,0000
0.002885161,0.000000000,0000
0.002883669,0.000000000,0000
0.002896688,0.000000000,0000
0.002526415,0.000000000,0000
0.002903414,0.000000000,0000
0.002889127,0.000000000,0000
0.002883830,0.000000000,0000
0.002885571,0.000000000,0000
0.002896705,0.000000000,0000
0.002405807,0.000000000,0000
0.002878230,0.000000000,0000
0.002880605,0.000000000,0000
0.002883644,0.000000000,0000
0.002894018,0.000000000,0000
0.002887425,0.000000000,0000
0.002676527,0.000000000,0000
0.002880929,0.000000000,0000
0.002893037,0.000000000,0000
0.002882945,0.000000000,0000
0.002813464,0.000000000,0000
0.002523993,0.000000000,0000
0.002880597,0.000000000,0000
0.002881142,0.000000000,0000
0.002881174,0.000000000,0000
0.002880973,0.000000000,0000
0.002880199,0.000000000,0000
0.002578063,0.000000000,0000
0.002880111,0.000000000,0000
0.002879380,0.000000000,0000
0.002879965,0.000000000,0000
0.002880834,0.000000000,0000
0.002897872,0.000000000,0000
0.002568399,0.000000000,0000
0.002880892,0.000000000,0000
0.002879879,0.000000000,0000
0.002880982,0.000000000,0000
0.002879571,0.000000000,0000
0.002881857,0.000000000,0000
0.002583435,0.000000000,0000
0.002761201,0.000000000,0000
0.002878432,0.000000000,0000
0.002881947,0.000000000,0000
0.002892644,0.000000000,0000
0.002459048,0.000000000,0000
0.002876769,0.000000000,0000
0.002879951,0.000000000,0000
0.002880825,0.000000000,0000
0.002761072,0.000000000,0000
0.002706327,0.000000000,0000
0.002880033,0.000000000,0000
0.002878821,0.000000000,0000
0.002760981,0.000000000,0000
0.002879744,0.000000000,0000
0.002590402,0.000000000,0000
0.002880266,0.000000000,0000
0.002761622,0.000000000,0000
0.002878608,0.000000000,0000
0.002880160,0.000000000,0000
0.002587910,0.000000000,0000
0.002761139,0.000000000,0000
0.002878509,0.000000000,0000
0.002880651,0.000000000,0000
0.002880902,0.000000000,0000
0.002469285,0.000000000,0000
0.002878499,0.000000000,0000
0.002880030,0.000000000,0000
0.002879527,0.000000000,0000
0.002880970,0.000000000,0000
0.002588620,0.000000000,0000
0.002879657,0.000000000,0000
0.002882181,0.000000000,0000
0.002894005,0.000000000,0000
0.002894538,0.000000000,0000
0.002891466,0.000000000,0000
0.002752848,0.000000000,0000
0.002790556,0.000000000,0000
0.002880021,0.000000000,0000
0.002879769,0.000000000,0000
0.002879908,0.000000000,0000
0.002879482,0.000000000,0000
0.002880887,0.000000000,0000
0.002589254,0.000000000,0000
0.002881572,0.000000000,0000
0.002881011,0.000000000,0000
0.002879956,0.000000000,0000
0.002881390,0.000000000,0000
0.002893080,0.000000000,0000
0.002564523,0.000000000,0000
0.002893558,0.000000000,0000
0.002879197,0.000000000,0000
0.002879973,0.000000000,0000
0.002881426,0.000000000,0000
0.002897739,0.000000000,0000
0.002878244,0.000000000,0000
0.002554691,0.000000000,0000
0.002878811,0.000000000,0000
0.002880198,0.000000000,0000
0.002880951,0.000000000,0000
0.002761483,0.000000000,0000
0.002706751,0.000000000,0000
0.002880136,0.000000000,0000
0.002891371,0.000000000,0000
0.002761231,0.000000000,0000
0.002878464,0.000000000,0000
0.002582410,0.000000000,0000
0.002901452,0.000000000,0000
0.002771464,0.000000000,0000
0.002883281,0.000000000,0000
0.002888238,0.000000000,0000
0.002865212,0.000000000,0000
0.002673482,0.000000000,0000
0.002898112,0.000000000,0000
0.002883401,0.000000000,0000
0.002880147,0.000000000,0000
0.002895836,0.000000000,0000
0.002890886,0.000000000,0000
0.002862928,0.000000000,0000
0.002672707,0.000000000,0000
0.002881850,0.000000000,0000
0.002894778,0.000000000,0000
0.002882360,0.000000000,0000
0.002894309,0.000000000,0000
0.002888541,0.000000000,0000
0.002862820,0.000000000,0000
0.002679105,0.000000000,0000
0.002880059,0.000000000,0000
0.002892903,0.000000000,0000
0.002879608,0.000000000,0000
0.002895812,0.000000000,0000
0.002892630,0.000000000,0000
0.002875419,0.000000000,0000
0.002668711,0.000000000,0000
0.002901792,0.000000000,0000
0.002772663,0.000000000,0000
0.002887716,0.000000000,0000
0.002891231,0.000000000,0000
0.002853979,0.000000000,0000
0.002558303,0.000000000,0000
0.002876782,0.000000000,0000
0.002880000,0.000000000,0000
0.002879523,0.000000000,0000
0.002763380,0.000000000,0000
0.002710191,0.000000000,0000
0.002899678,0.000000000,0000
0.002892977,0.000000000,0000
0.002885820,0.000000000,0000
0.002881786,0.000000000,0000
0.002895881,0.000000000,0000
0.002854370,0.000000000,0000
0.002671538,0.000000000,0000
0.002899521,0.000000000,0000
0.002893289,0.000000000,0000
0.002887049,0.000000000,0000
0.002881481,0.000000000,0000
0.002895296,0.000000000,0000
0.002846771,0.000000000,0000
0.002678433,0.000000000,0000
0.002880074,0.000000000,0000
0.002879622,0.000000000,0000
0.002890726,0.000000000,0000
0.002895451,0.000000000,0000
0.002890839,0.000000000,0000
0.002872670,0.000000000,0000
0.002672773,0.000000000,0000
0.002879555,0.000000000,0000
0.002880375,0.000000000,0000
0.002892574,0.000000000,0000
0.002879330,0.000000000,0000
0.002883296,0.000000000,0000
0.002572950,0.000000000,0000
0.002880995,0.000000000,0000
0.002891617,0.000000000,0000
0.002762022,0.000000000,0000
0.002888398,0.000000000,0000
0.002893275,0.000000000,0000
0.002669420,0.000000000,0000
0.002782045,0.000000000,0000
0.002890354,0.000000000,0000
0.002890737,0.000000000,0000
0.002897279,0.000000000,0000
0.002731206,0.000000000,0000
0.002795572,0.000000000,0000
0.002901456,0.000000000,0000
0.002889369,0.000000000,0000
0.002882347,0.000000000,0000
0.002887318,0.000000000,0000
0.002891539,0.000000000,0000
0.002853867,0.000000000,0000
0.002675882,0.000000000,0000
0.002880496,0.000000000,0000
0.002880077,0.000000000,0000
0.002880050,0.000000000,0000
0.002892004,0.000000000,0000
0.002887845,0.000000000,0000
0.002570849,0.000000000,0000
0.002879680,0.000000000,0000
0.002879789,0.000000000,0000
0.002880859,0.000000000,0000
0.002892239,0.000000000,0000
0.002894001,0.000000000,0000
0.002877939,0.000000000,0000
0.002673507,0.000000000,0000
0.002891804,0.000000000,0000
0.002879785,0.000000000,0000
0.002880072,0.000000000,0000
0.002895150,0.000000000,0000
0.002889968,0.000000000,0000
0.002755138,0.000000000,0000
0.002792940,0.000000000,0000
0.002880939,0.000000000,0000
0.002880873,0.000000000,0000
0.002760736,0.000000000,0000
0.002879079,0.000000000,0000
0.002587991,0.000000000,0000
0.002900959,0.000000000,0000
0.002774358,0.000000000,0000
0.002888108,0.000000000,0000
0.002896825,0.000000000,0000
0.002854248,0.000000000,0000
0.002552887,0.000000000,0000
0.002883929,0.000000000,0000
0.002896761,0.000000000,0000
0.002901014,0.000000000,0000
0.002894784,0.000000000,0000
0.002530988,0.000000000,0000
0.002898122,0.000000000,0000
0.002883012,0.000000000,0000
0.002879431,0.000000000,0000
0.002897478,0.000000000,0000
0.002889805,0.000000000,0000
0.002862256,0.000000000,0000
0.002672351,0.000000000,0000
0.002888529,0.000000000,0000
0.002894153,0.000000000,0000
0.002883639,0.000000000,0000
0.002884809,0.000000000,0000
0.002888476,0.000000000,0000
0.002865657,0.000000000,0000
0.002674678,0.000000000,0000
0.002880459,0.000000000,0000
0.002879229,0.000000000,0000
0.002893692,0.000000000,0000
0.002896401,0.000000000,0000
0.002888502,0.000000000,0000
0.002874131,0.000000000,0000
0.002672642,0.000000000,0000
0.002880635,0.000000000,0000
0.002882058,0.000000000,0000
0.002892518,0.000000000,0000
0.002761490,0.000000000,0000
0.002573864,0.000000000,0000
0.002880097,0.000000000,0000
0.002882848,0.000000000,0000
0.002897378,0.000000000,0000
0.002772292,0.000000000,0000
0.002879752,0.000000000,0000
0.002675700,0.000000000,0000
0.002775990,0.000000000,0000
0.002760201,0.000000000,0000
0.002880533,0.000000000,0000
0.002570885,0.000000000,0000
0.002880242,0.000000000,0000
0.002761053,0.000000000,0000
0.002878565,0.000000000,0000
0.002880906,0.000000000,0000
0.002589490,0.000000000,0000
0.002761758,0.000000000,0000
0.002878586,0.000000000,0000
0.002879964,0.000000000,0000
0.002894149,0.000000000,0000
0.002896807,0.000000000,0000
0.002679664,0.000000000,0000
0.002899721,0.000000000,0000
0.002891969,0.000000000,0000
0.002881804,0.000000000,0000
0.002884200,0.000000000,0000
0.002895687,0.000000000,0000
0.002850714,0.000000000,0000
0.002674539,0.000000000,0000
0.002881159,0.000000000,0000
0.002897347,0.000000000,0000
0.002894046,0.000000000,0000
0.002888879,0.000000000,0000
0.002892280,0.000000000,0000
0.002863779,0.000000000,0000
0.002666958,0.000000000,0000
0.002891772,0.000000000,0000
0.002881822,0.000000000,0000
0.002900505,0.000000000,0000
0.002888041,0.000000000,0000
0.002895758,0.000000000,0000
0.002733586,0.000000000,0000
0.002793558,0.000000000,0000
0.002885848,0.000000000,0000
0.002880831,0.000000000,0000
0.002879707,0.000000000,0000
0.002882116,0.000000000,0000
0.002779413,0.000000000,0000
0.002675385,0.000000000,0000
0.002881770,0.000000000,0000
0.002892464,0.000000000,0000
0.002761340,0.000000000,0000
0.002879494,0.000000000,0000
0.002575116,0.000000000,0000
0.002880990,0.000000000,0000
0.002772231,0.000000000,0000
0.002878100,0.000000000,0000
0.002885001,0.000000000,0000
0.002570426,0.000000000,0000
0.002761064,0.000000000,0000
0.002877906,0.000000000,0000
0.002880517,0.000000000,0000
0.002881988,0.000000000,0000
0.002465816,0.000000000,0000
0.002877989,0.000000000,0000
0.002880547,0.000000000,0000
0.002891277,0.000000000,0000
0.002881235,0.000000000,0000
0.002579289,0.000000000,0000
0.002879452,0.000000000,0000
0.002879975,0.000000000,0000
0.002880046,0.000000000,0000
0.002892346,0.000000000,0000
0.002883658,0.000000000,0000
0.002572598,0.000000000,0000
0.002881161,0.000000000,0000
0.002891594,0.000000000,0000
0.002882481,0.000000000,0000
0.002901927,0.000000000,0000
0.002892549,0.000000000,0000
0.002866259,0.000000000,0000
0.002666417,0.000000000,0000
0.002780935,0.000000000,0000
0.002888289,0.000000000,0000
0.002895799,0.000000000,0000
0.002895123,0.000000000,0000
0.002525201,0.000000000,0000
0.002880221,0.000000000,0000
0.002879833,0.000000000,0000
0.002881117,0.000000000,0000
0.002880059,0.000000000,0000
0.002880945,0.000000000,0000
0.002584670,0.000000000,0000
0.002881768,0.000000000,0000
0.002879628,0.000000000,0000
0.002879836,0.000000000,0000
0.002880494,0.000000000,0000
0.002880717,0.000000000,0000
0.002585578,0.000000000,0000
0.002880319,0.000000000,0000
0.002761333,0.000000000,0000
0.002879032,0.000000000,0000
0.002761418,0.000000000,0000
0.002707379,0.000000000,0000
0.002892411,0.000000000,0000
0.002898101,0.000000000,0000
0.002885671,0.000000000,0000
0.002886645,0.000000000,0000
0.002895094,0.000000000,0000
0.002853623,0.000000000,0000
0.002672466,0.000000000,0000
0.002902706,0.000000000,0000
0.002891016,0.000000000,0000
0.002883423,0.000000000,0000
0.002885732,0.000000000,0000
0.002896194,0.000000000,0000
0.002525263,0.000000000,0000
0.002891471,0.000000000,0000
0.002880830,0.000000000,0000
0.002883531,0.000000000,0000
0.002882105,0.000000000,0000
0.002892381,0.000000000,0000
0.002881407,0.000000000,0000
0.002672675,0.000000000,0000
0.002891200,0.000000000,0000
0.002895449,0.000000000,0000
0.002883131,0.000000000,0000
0.002892772,0.000000000,0000
0.002879911,0.000000000,0000
0.002870490,0.000000000,0000
0.002667895,0.000000000,0000
0.002879823,0.000000000,0000
0.002880382,0.000000000,0000
0.002891470,0.000000000,0000
0.002880144,0.000000000,0000
0.002880939,0.000000000,0000
0.002576957,0.000000000,0000
0.002780893,0.000000000,0000
0.002881921,0.000000000,0000
0.002878918,0.000000000,0000
0.002835440,0.000000000,0000
0.002489965,0.000000000,0000
0.002878266,0.000000000,0000
0.002879848,0.000000000,0000
0.002879864,0.000000000,0000
0.002760838,0.000000000,0000
0.002706753,0.000000000,0000
0.002881814,0.000000000,0000
0.002879454,0.000000000,0000
0.002762453,0.000000000,0000
0.002881896,0.000000000,0000
0.002583291,0.000000000,0000
0.002880725,0.000000000,0000
0.002761262,0.000000000,0000
0.002878342,0.000000000,0000
0.002879602,0.000000000,0000
0.002589818,0.000000000,0000
0.002891539,0.000000000,0000
0.002880869,0.000000000,0000
0.002900878,0.000000000,0000
0.002889914,0.000000000,0000
0.002894893,0.000000000,0000
0.002854014,0.000000000,0000
0.002672260,0.000000000,0000
0.002903687,0.000000000,0000
0.002890698,0.000000000,0000
0.002882663,0.000000000,0000
0.002885693,0.000000000,0000
0.002896441,0.000000000,0000
0.002845058,0.000000000,0000
0.002679709,0.000000000,0000
0.002881075,0.000000000,0000
0.002880925,0.000000000,0000
0.002882375,0.000000000,0000
0.002892195,0.000000000,0000
0.002894246,0.000000000,0000
0.002877688,0.000000000,0000
0.002673751,0.000000000,0000
0.002879741,0.000000000,0000
0.002879651,0.000000000,0000
0.002880798,0.000000000,0000
0.002880962,0.000000000,0000
0.002880319,0.000000000,0000
0.002592222,0.000000000,0000
0.002786825,0.000000000,0000
0.002884601,0.000000000,0000
0.002887387,0.000000000,0000
0.002896442,0.000000000,0000
0.002735677,0.000000000,0000
0.002787482,0.000000000,0000
0.002881205,0.000000000,0000
0.002895355,0.000000000,0000
0.002883785,0.000000000,0000
0.002879017,0.000000000,0000
0.002894116,0.000000000,0000
0.002879173,0.000000000,0000
0.002671837,0.000000000,0000
0.002879766,0.000000000,0000
0.002880414,0.000000000,0000
0.002880554,0.000000000,0000
0.002879739,0.000000000,0000
0.002881241,0.000000000,0000
0.002581920,0.000000000,0000
0.002893238,0.000000000,0000
0.002880584,0.000000000,0000
0.002879781,0.000000000,0000
0.002879984,0.000000000,0000
0.002883846,0.000000000,0000
0.002568594,0.000000000,0000
0.002880423,0.000000000,0000
0.002879597,0.000000000,0000
0.002879063,0.000000000,0000
0.002891721,0.000000000,0000
0.002882756,0.000000000,0000
0.002900201,0.000000000,0000
0.002672048,0.000000000,0000
0.002900547,0.000000000,0000
0.002893021,0.000000000,0000
0.002885007,0.000000000,0000
0.002779716,0.000000000,0000
0.002857995,0.000000000,0000
0.002671682,0.000000000,0000
0.002900249,0.000000000,0000
0.002769819,0.000000000,0000
0.002882203,0.000000000,0000
0.002889122,0.000000000,0000
0.002869428,0.000000000,0000
0.002552266,0.000000000,0000
0.002878523,0.000000000,0000
0.002880006,0.000000000,0000
0.002882966,0.000000000,0000
0.002892511,0.000000000,0000
0.002574968,0.000000000,0000
0.002879554,0.000000000,0000
0.002879833,0.000000000,0000
0.002881089,0.000000000,0000
0.002879655,0.000000000,0000
0.002881481,0.000000000,0000
0.002587892,0.000000000,0000
0.002881025,0.000000000,0000
0.002879760,0.000000000,0000
0.002880707,0.000000000,0000
0.002879937,0.000000000,0000
0.002879839,0.000000000,0000
0.002584278,0.000000000,0000
0.002892538,0.000000000,0000
0.002895743,0.000000000,0000
0.002883069,0.000000000,0000
0.002889370,0.000000000,0000
0.002879339,0.000000000,0000
0.002869805,0.000000000,0000
0.002673052,0.000000000,0000
0.002879602,0.000000000,0000
0.002879577,0.000000000,0000
0.002880040,0.000000000,0000
0.002892744,0.000000000,0000
0.002895555,0.000000000,0000
0.002884881,0.000000000,0000
0.002673754,0.000000000,0000
0.002880004,0.000000000,0000
0.002760404,0.000000000,0000
0.002878917,0.000000000,0000
0.002761701,0.000000000,0000
0.002706062,0.000000000,0000
0.002879786,0.000000000,0000
0.002880904,0.000000000,0000
0.002773425,0.000000000,0000
0.002880046,0.000000000,0000
0.002899799,0.000000000,0000
0.002674616,0.000000000,0000
0.002780083,0.000000000,0000
0.002889124,0.000000000,0000
0.002894090,0.000000000,0000
0.002897890,0.000000000,0000
0.002849335,0.000000000,0000
0.002671586,0.000000000,0000
0.002900193,0.000000000,0000
0.002891539,0.000000000,0000
0.002885723,0.000000000,0000
0.002883427,0.000000000,0000
0.002892444,0.000000000,0000
0.002854666,0.000000000,0000
0.002674157,0.000000000,0000
0.002882267,0.000000000,0000
0.002891372,0.000000000,0000
0.002880127,0.000000000,0000
0.002879872,0.000000000,0000
0.002885161,0.000000000,0000
0.002567514,0.000000000,0000
0.002880898,0.000000000,0000
0.002873900,0.000000000,0000
0.002893589,0.000000000,0000
0.002891759,0.000000000,0000
0.002893819,0.000000000,0000
0.002878003,0.000000000,0000
0.002672745,0.000000000,0000
0.002881087,0.000000000,0000
0.002880945,0.000000000,0000
0.002760994,0.000000000,0000
0.002879113,0.000000000,0000
0.002587046,0.000000000,0000
0.002881263,0.000000000,0000
0.002891904,0.000000000,0000
0.002896103,0.000000000,0000
0.002893539,0.000000000,0000
0.002761359,0.000000000,0000
0.002662548,0.000000000,0000
0.002879519,0.000000000,0000
0.002879977,0.000000000,0000
0.002763294,0.000000000,0000
0.002880033,0.000000000,0000
0.002585192,0.000000000,0000
0.002879726,0.000000000,0000
0.002760821,0.000000000,0000
0.002878064,0.000000000,0000
0.002881803,0.000000000,0000
0.002588778,0.000000000,0000
0.002761783,0.000000000,0000
0.002877946,0.000000000,0000
0.002880735,0.000000000,0000
0.002894009,0.000000000,0000
0.002899307,0.000000000,0000
0.002676648,0.000000000,0000
0.002900806,0.000000000,0000
0.002890354,0.000000000,0000
0.002883438,0.000000000,0000
0.002885629,0.000000000,0000
0.002897254,0.000000000,0000
0.002525189,0.000000000,0000
0.002901370,0.000000000,0000
0.002890542,0.000000000,0000
0.002885637,0.000000000,0000
0.002885494,0.000000000,0000
0.002895534,0.000000000,0000
0.002851835,0.000000000,0000
0.002674844,0.000000000,0000
0.002772797,0.000000000,0000
0.002879432,0.000000000,0000
0.002879630,0.000000000,0000
0.002885839,0.000000000,0000
0.002570243,0.000000000,0000
0.002880806,0.000000000,0000
0.002879950,0.000000000,0000
0.002880317,0.000000000,0000
0.002881149,0.000000000,0000
0.002898633,0.000000000,0000
0.002564370,0.000000000,0000
0.002891957,0.000000000,0000
0.002892794,0.000000000,0000
0.002882325,0.000000000,0000
0.002891823,0.000000000,0000
0.002892133,0.000000000,0000
0.002738365,0.000000000,0000
0.002792442,0.000000000,0000
0.002761903,0.000000000,0000
0.002878452,0.000000000,0000
0.002773443,0.000000000,0000
0.002579089,0.000000000,0000
0.002880066,0.000000000,0000
0.002891463,0.000000000,0000
0.002761301,0.000000000,0000
0.002879229,0.000000000,0000
0.002575878,0.000000000,0000
0.002880015,0.000000000,0000
0.002774416,0.000000000,0000
0.002878735,0.000000000,0000
0.002880185,0.000000000,0000
0.002576151,0.000000000,0000
0.002760657,0.000000000,0000
0.002878932,0.000000000,0000
0.002880580,0.000000000,0000
0.002880270,0.000000000,0000
0.002470014,0.000000000,0000
0.002878544,0.000000000,0000
0.002880387,0.000000000,0000
0.002892561,0.000000000,0000
0.002883064,0.000000000,0000
0.002571474,0.000000000,0000
0.002879901,0.000000000,0000
0.002879608,0.000000000,0000
0.002880877,0.000000000,0000
0.002881420,0.000000000,0000
0.002879744,0.000000000,0000
0.002587983,0.000000000,0000
0.002879549,0.000000000,0000
0.002880784,0.000000000,0000
0.002879803,0.000000000,0000
0.002893667,0.000000000,0000
0.002892268,0.000000000,0000
0.002882346,0.000000000,0000
0.002673980,0.000000000,0000
0.002891835,0.000000000,0000
0.002880884,0.000000000,0000
0.002902403,0.000000000,0000
0.002889940,0.000000000,0000
0.002896574,0.000000000,0000
0.002525244,0.000000000,0000
0.002900438,0.000000000,0000
0.002893461,0.000000000,0000
0.002885673,0.000000000,0000
0.002881541,0.000000000,0000
0.002897086,0.000000000,0000
0.002529666,0.000000000,0000
0.002901675,0.000000000,0000
0.002888946,0.000000000,0000
0.002884009,0.000000000,0000
0.002885468,0.000000000,0000
0.002775972,0.000000000,0000
0.002647166,0.000000000,0000
0.002892838,0.000000000,0000
0.002880891,0.000000000,0000
0.002766814,0.000000000,0000
0.002892093,0.000000000,0000
0.002883904,0.000000000,0000
0.002669245,0.000000000,0000
0.002781576,0.000000000,0000
0.002888994,0.000000000,0000
0.002895559,0.000000000,0000
0.002897310,0.000000000,0000
0.002846476,0.000000000,0000
0.002674976,0.000000000,0000
0.002890401,0.000000000,0000
0.002894375,0.000000000,0000
0.002882599,0.000000000,0000
0.002882911,0.000000000,0000
0.002892477,0.000000000,0000
0.002865786,0.000000000,0000
0.002671671,0.000000000,0000
0.002881018,0.000000000,0000
0.002893359,0.000000000,0000
0.002895270,0.000000000,0000
0.002892857,0.000000000,0000
0.002892278,0.000000000,0000
0.002857877,0.000000000,0000
0.002671685,0.000000000,0000
0.002881035,0.000000000,0000
0.002878734,0.000000000,0000
0.002879120,0.000000000,0000
0.002880881,0.000000000,0000
0.002879424,0.000000000,0000
0.002587932,0.000000000,0000
0.002880309,0.000000000,0000
0.002880311,0.000000000,0000
0.002881319,0.000000000,0000
0.002891666,0.000000000,0000
0.002883565,0.000000000,0000
0.002451055,0.000000000,0000
0.002877663,0.000000000,0000
0.002880794,0.000000000,0000
0.002879445,0.000000000,0000
0.002760629,0.000000000,0000
0.002709909,0.000000000,0000
0.002879828,0.000000000,0000
0.002879897,0.000000000,0000
0.002760905,0.000000000,0000
0.002879326,0.000000000,0000
0.002588848,0.000000000,0000
0.002892569,0.000000000,0000
0.002762978,0.000000000,0000
0.002884046,0.000000000,0000
0.002898206,0.000000000,0000
0.002881521,0.000000000,0000
0.002667841,0.000000000,0000
0.002899405,0.000000000,0000
0.002894187,0.000000000,0000
0.002885211,0.000000000,0000
0.002883840,0.000000000,0000
0.002898904,0.000000000,0000
0.002530699,0.000000000,0000
0.002900067,0.000000000,0000
0.002885145,0.000000000,0000
0.002881701,0.000000000,0000
0.002887235,0.000000000,0000
0.002894768,0.000000000,0000
0.002864887,0.000000000,0000
0.002663596,0.000000000,0000
0.002880258,0.000000000,0000
0.002882059,0.000000000,0000
0.002899563,0.000000000,0000
0.002899638,0.000000000,0000
0.002897858,0.000000000,0000
0.002848318,0.000000000,0000
0.002675497,0.000000000,0000
0.002901649,0.000000000,0000
0.002893080,0.000000000,0000
0.002879913,0.000000000,0000
0.002883749,0.000000000,0000
0.002880515,0.000000000,0000
0.002872054,0.000000000,0000
0.002554580,0.000000000,0000
0.002882258,0.000000000,0000
0.002881048,0.000000000,0000
0.002892527,0.000000000,0000
0.002775123,0.000000000,0000
0.002673096,0.000000000,0000
0.002897155,0.000000000,0000
0.002884950,0.000000000,0000
0.002764154,0.000000000,0000
0.002879232,0.000000000,0000
0.002878699,0.000000000,0000
0.002682585,0.000000000,0000
0.002879724,0.000000000,0000
0.002880547,0.000000000,0000
0.002881251,0.000000000,0000
0.002761056,0.000000000,0000
0.002584079,0.000000000,0000
0.002879720,0.000000000,0000
0.002881283,0.000000000,0000
0.002881611,0.000000000,0000
0.002880808,0.000000000,0000
0.002895767,0.000000000,0000
0.002567280,0.000000000,0000
0.002891735,0.000000000,0000
0.002880422,0.000000000,0000
0.002881324,0.000000000,0000
0.002894754,0.000000000,0000
0.002889282,0.000000000,0000
0.002874359,0.000000000,0000
0.002673353,0.000000000,0000
0.002890985,0.000000000,0000
0.002879723,0.000000000,0000
0.002879535,0.000000000,0000
0.002895734,0.000000000,0000
0.002890624,0.000000000,0000
0.002754781,0.000000000,0000
0.002794455,0.000000000,0000
0.002881038,0.000000000,0000
0.002891526,0.000000000,0000
0.002763343,0.000000000,0000
0.002882866,0.000000000,0000
0.002571647,0.000000000,0000
0.002880066,0.000000000,0000
0.002761727,0.000000000,0000
0.002878303,0.000000000,0000
0.002880672,0.000000000,0000
0.002585585,0.000000000,0000
0.002761678,0.000000000,0000
0.002879802,0.000000000,0000
0.002891773,0.000000000,0000
0.002883402,0.000000000,0000
0.002456232,0.000000000,0000
0.002879343,0.000000000,0000
0.002880249,0.000000000,0000
0.002880969,0.000000000,0000
0.002777798,0.000000000,0000
0.002687344,0.000000000,0000
0.002879896,0.000000000,0000
0.002879546,0.000000000,0000
0.002760917,0.000000000,0000
0.002878456,0.000000000,0000
0.002590878,0.000000000,0000
0.002880570,0.000000000,0000
0.002760919,0.000000000,0000
0.002878419,0.000000000,0000
0.002880924,0.000000000,0000
0.002588468,0.000000000,0000
0.002880820,0.000000000,0000
0.002879860,0.000000000,0000
0.002891475,0.000000000,0000
0.002879708,0.000000000,0000
0.002882948,0.000000000,0000
0.002898081,0.000000000,0000
0.002676187,0.000000000,0000
0.002898909,0.000000000,0000
0.002888222,0.000000000,0000
0.002882844,0.000000000,0000
0.002883786,0.000000000,0000
0.002886677,0.000000000,0000
0.002862451,0.000000000,0000
0.002671947,0.000000000,0000
0.002879836,0.000000000,0000
0.002879715,0.000000000,0000
0.002881416,0.000000000,0000
0.002892909,0.000000000,0000
0.002887195,0.000000000,0000
0.002890294,0.000000000,0000
0.002673299,0.000000000,0000
0.002880015,0.000000000,0000
0.002880073,0.000000000,0000
0.002762518,0.000000000,0000
0.002878577,0.000000000,0000
0.002589097,0.000000000,0000
0.002900485,0.000000000,0000
0.002773371,0.000000000,0000
0.002887221,0.000000000,0000
0.002885319,0.000000000,0000
0.002868923,0.000000000,0000
0.002553103,0.000000000,0000
0.002878908,0.000000000,0000
0.002884020,0.000000000,0000
0.002880940,0.000000000,0000
0.002776489,0.000000000,0000
0.002684430,0.000000000,0000
0.002879704,0.000000000,0000
0.002880068,0.000000000,0000
0.002879032,0.000000000,0000
0.002879892,0.000000000,0000
0.002880759,0.000000000,0000
0.002593310,0.000000000,0000
0.002897343,0.000000000,0000
0.002883775,0.000000000,0000
0.002884252,0.000000000,0000
0.002883197,0.000000000,0000
0.002889196,0.000000000,0000
0.002867799,0.000000000,0000
0.002672656,0.000000000,0000
0.002879518,0.000000000,0000
0.002879840,0.000000000,0000
0.002879906,0.000000000,0000
