duration,duration_extra,return_code
0.187710824,0.000000000,0000
0.188982444,0.000000000,0000
0.189999658,0.000000000,0000
0.188994254,0.000000000,0000
0.189024282,0.000000000,0000
0.188043703,0.000000000,0000
0.188932155,0.000000000,0000
0.188994602,0.000000000,0000
0.189025107,0.000000000,0000
0.186994349,0.000000000,0000
0.186019396,0.000000000,0000
0.188967552,0.000000000,0000
0.189012611,0.000000000,0000
0.189995572,0.000000000,0000
0.186020796,0.000000000,0000
0.191005478,0.000000000,0000
0.187973941,0.000000000,0000
0.189998110,0.000000000,0000
0.187990475,0.000000000,0000
0.187010735,0.000000000,0000
0.187979786,0.000000000,0000
0.189020349,0.000000000,0000
0.187978511,0.000000000,0000
0.189017418,0.000000000,0000
0.187981838,0.000000000,0000
0.189015717,0.000000000,0000
0.189998688,0.000000000,0000
0.186997967,0.000000000,0000
0.189021197,0.000000000,0000
0.187977907,0.000000000,0000
0.190000294,0.000000000,0000
0.191998008,0.000000000,0000
0.190017981,0.000000000,0000
0.186986315,0.000000000,0000
0.189018396,0.000000000,0000
0.186959909,0.000000000,0000
0.188017065,0.000000000,0000
0.189981293,0.000000000,0000
0.190002050,0.000000000,0000
0.187015011,0.000000000,0000
0.189984997,0.000000000,0000
0.186011298,0.000000000,0000
0.188999136,0.000000000,0000
0.190021534,0.000000000,0000
0.187998832,0.000000000,0000
0.187000660,0.000000000,0000
0.188980414,0.000000000,0000
0.188016803,0.000000000,0000
0.187999310,0.000000000,0000
0.189979725,0.000000000,0000
0.187000235,0.000000000,0000
0.188025656,0.000000000,0000
0.187983674,0.000000000,0000
0.188006015,0.000000000,0000
0.189997433,0.000000000,0000
0.187964804,0.000000000,0000
0.187015600,0.000000000,0000
0.190008556,0.000000000,0000
0.189012696,0.000000000,0000
0.187974986,0.000000000,0000
0.188018726,0.000000000,0000
0.186966264,0.000000000,0000
0.188017635,0.000000000,0000
0.187995870,0.000000000,0000
0.186983512,0.000000000,0000
0.187017242,0.000000000,0000
0.188979565,0.000000000,0000
0.187042325,0.000000000,0000
0.188950971,0.000000000,0000
0.189007324,0.000000000,0000
0.188058695,0.000000000,0000
0.189973957,0.000000000,0000
0.187964998,0.000000000,0000
0.190999310,0.000000000,0000
0.188017046,0.000000000,0000
0.189023369,0.000000000,0000
0.185961938,0.000000000,0000
0.189032634,0.000000000,0000
0.188998614,0.000000000,0000
0.188000044,0.000000000,0000
0.187962161,0.000000000,0000
0.188065295,0.000000000,0000
0.186937959,0.000000000,0000
0.186992375,0.000000000,0000
0.189001767,0.000000000,0000
0.190026957,0.000000000,0000
0.188002563,0.000000000,0000
0.186968235,0.000000000,0000
0.186999348,0.000000000,0000
0.188014931,0.000000000,0000
0.189986621,0.000000000,0000
0.189017184,0.000000000,0000
0.185978514,0.000000000,0000
0.188014136,0.000000000,0000
0.187987184,0.000000000,0000
0.186994383,0.000000000,0000
0.186997798,0.000000000,0000
0.189039165,0.000000000,0000
0.188959090,0.000000000,0000
0.189034776,0.000000000,0000
0.187964442,0.000000000,0000
0.189030794,0.000000000,0000
0.189006555,0.000000000,0000
0.187969593,0.000000000,0000
0.188012013,0.000000000,0000
0.190009696,0.000000000,0000
0.188989133,0.000000000,0000
0.190013756,0.000000000,0000
0.186003662,0.000000000,0000
0.187999368,0.000000000,0000
0.187946613,0.000000000,0000
0.189033440,0.000000000,0000
0.188014272,0.000000000,0000
0.186996740,0.000000000,0000
0.189987191,0.000000000,0000
0.189992893,0.000000000,0000
0.189003911,0.000000000,0000
0.189019931,0.000000000,0000
0.188999383,0.000000000,0000
0.187976992,0.000000000,0000
0.187984741,0.000000000,0000
0.188012970,0.000000000,0000
0.189003079,0.000000000,0000
0.185997293,0.000000000,0000
0.188019291,0.000000000,0000
0.185997576,0.000000000,0000
0.187032766,0.000000000,0000
0.188931153,0.000000000,0000
0.187018634,0.000000000,0000
0.192018453,0.000000000,0000
0.190980027,0.000000000,0000
0.187996075,0.000000000,0000
0.186998298,0.000000000,0000
0.189998943,0.000000000,0000
0.185998965,0.000000000,0000
0.189001499,0.000000000,0000
0.188983586,0.000000000,0000
0.187018269,0.000000000,0000
0.187979277,0.000000000,0000
0.189014185,0.000000000,0000
0.188982324,0.000000000,0000
0.187001184,0.000000000,0000
0.189996777,0.000000000,0000
0.189019657,0.000000000,0000
0.187994910,0.000000000,0000
0.189006904,0.000000000,0000
0.191015945,0.000000000,0000
0.189010075,0.000000000,0000
0.186985112,0.000000000,0000
0.191995336,0.000000000,0000
0.187967547,0.000000000,0000
0.190010559,0.000000000,0000
0.190027515,0.000000000,0000
0.186980915,0.000000000,0000
0.190008671,0.000000000,0000
0.189008130,0.000000000,0000
0.188983711,0.000000000,0000
0.188994321,0.000000000,0000
0.188996497,0.000000000,0000
0.188000349,0.000000000,0000
0.189001290,0.000000000,0000
0.188002659,0.000000000,0000
0.190977772,0.000000000,0000
0.190014105,0.000000000,0000
0.188002596,0.000000000,0000
0.188981950,0.000000000,0000
0.188000689,0.000000000,0000
0.190016434,0.000000000,0000
0.187966519,0.000000000,0000
0.188013873,0.000000000,0000
0.187998420,0.000000000,0000
0.188039046,0.000000000,0000
0.187962422,0.000000000,0000
0.188032326,0.000000000,0000
0.188981370,0.000000000,0000
0.187991514,0.000000000,0000
0.187041831,0.000000000,0000
0.187985639,0.000000000,0000
0.189953977,0.000000000,0000
0.188023295,0.000000000,0000
0.185984336,0.000000000,0000
0.187016965,0.000000000,0000
0.189983204,0.000000000,0000
0.189031176,0.000000000,0000
0.191983941,0.000000000,0000
0.189982668,0.000000000,0000
0.189011292,0.000000000,0000
0.187984392,0.000000000,0000
0.190020780,0.000000000,0000
0.185994407,0.000000000,0000
0.186993796,0.000000000,0000
0.187044348,0.000000000,0000
0.187942109,0.000000000,0000
0.185000939,0.000000000,0000
0.189014940,0.000000000,0000
0.188003558,0.000000000,0000
0.189999614,0.000000000,0000
0.187999475,0.000000000,0000
0.189993061,0.000000000,0000
0.189025350,0.000000000,0000
0.188989726,0.000000000,0000
0.188004749,0.000000000,0000
0.189000295,0.000000000,0000
0.190999600,0.000000000,0000
0.191998749,0.000000000,0000
0.188002564,0.000000000,0000
0.189960247,0.000000000,0000
0.188014194,0.000000000,0000
0.187988316,0.000000000,0000
0.189995382,0.000000000,0000
0.189067863,0.000000000,0000
0.187936854,0.000000000,0000
0.189013472,0.000000000,0000
0.189979956,0.000000000,0000
0.187005538,0.000000000,0000
0.188000844,0.000000000,0000
0.187010726,0.000000000,0000
0.187978906,0.000000000,0000
0.187020373,0.000000000,0000
0.189994352,0.000000000,0000
0.189003568,0.000000000,0000
0.189976928,0.000000000,0000
0.190002572,0.000000000,0000
0.185908136,0.000000000,0000
0.187112313,0.000000000,0000
0.188997328,0.000000000,0000
0.189993533,0.000000000,0000
0.189006737,0.000000000,0000
0.187977058,0.000000000,0000
0.188036155,0.000000000,0000
0.186964097,0.000000000,0000
0.189035627,0.000000000,0000
0.187998086,0.000000000,0000
0.188998040,0.000000000,0000
0.187980848,0.000000000,0000
0.187989526,0.000000000,0000
0.189030965,0.000000000,0000
0.187973627,0.000000000,0000
0.189023383,0.000000000,0000
0.188980476,0.000000000,0000
0.188021238,0.000000000,0000
0.188979981,0.000000000,0000
0.189017663,0.000000000,0000
0.187998388,0.000000000,0000
0.186978860,0.000000000,0000
0.187995978,0.000000000,0000
0.189004916,0.000000000,0000
0.189979271,0.000000000,0000
0.188032917,0.000000000,0000
0.188984212,0.000000000,0000
0.187979777,0.000000000,0000
0.189038197,0.000000000,0000
0.186977821,0.000000000,0000
0.188002247,0.000000000,0000
0.189018635,0.000000000,0000
0.188999058,0.000000000,0000
0.187997485,0.000000000,0000
0.187963326,0.000000000,0000
0.188019913,0.000000000,0000
0.186015662,0.000000000,0000
0.188000238,0.000000000,0000
0.187994840,0.000000000,0000
0.186988326,0.000000000,0000
0.186984816,0.000000000,0000
0.188027932,0.000000000,0000
0.187963442,0.000000000,0000
0.185035802,0.000000000,0000
0.185962588,0.000000000,0000
0.187010370,0.000000000,0000
0.188996624,0.000000000,0000
0.188008940,0.000000000,0000
0.190021583,0.000000000,0000
0.186980057,0.000000000,0000
0.189022737,0.000000000,0000
0.185977273,0.000000000,0000
0.190011891,0.000000000,0000
0.187984922,0.000000000,0000
0.187998001,0.000000000,0000
0.188999920,0.000000000,0000
0.189018627,0.000000000,0000
0.187995750,0.000000000,0000
0.187982324,0.000000000,0000
0.187979052,0.000000000,0000
0.189007123,0.000000000,0000
0.190026371,0.000000000,0000
0.188982120,0.000000000,0000
0.190998032,0.000000000,0000
0.189022561,0.000000000,0000
0.186992812,0.000000000,0000
0.187975257,0.000000000,0000
0.188002933,0.000000000,0000
0.189024119,0.000000000,0000
0.188913176,0.000000000,0000
0.186065832,0.000000000,0000
0.188982976,0.000000000,0000
0.187998491,0.000000000,0000
0.189019512,0.000000000,0000
0.186979008,0.000000000,0000
0.190015450,0.000000000,0000
0.187983809,0.000000000,0000
0.188998199,0.000000000,0000
0.188002319,0.000000000,0000
0.189011794,0.000000000,0000
0.188023346,0.000000000,0000
0.186962450,0.000000000,0000
0.188999886,0.000000000,0000
0.188999567,0.000000000,0000
0.189017285,0.000000000,0000
0.188011550,0.000000000,0000
0.188005793,0.000000000,0000
0.187959958,0.000000000,0000
0.189018395,0.000000000,0000
0.188016299,0.000000000,0000
0.189986162,0.000000000,0000
0.187978847,0.000000000,0000
0.186015880,0.000000000,0000
0.187999235,0.000000000,0000
0.187999042,0.000000000,0000
0.186983060,0.000000000,0000
0.190014982,0.000000000,0000
0.187023566,0.000000000,0000
0.187996148,0.000000000,0000
0.188981939,0.000000000,0000
0.187012639,0.000000000,0000
0.187001834,0.000000000,0000
0.186998692,0.000000000,0000
0.186970996,0.000000000,0000
0.188983301,0.000000000,0000
0.188045017,0.000000000,0000
0.186997661,0.000000000,0000
0.188003610,0.000000000,0000
0.186981292,0.000000000,0000
0.188977406,0.000000000,0000
0.189017484,0.000000000,0000
0.187995632,0.000000000,0000
0.187986342,0.000000000,0000
0.188986122,0.000000000,0000
0.188048366,0.000000000,0000
0.187976385,0.000000000,0000
0.190001015,0.000000000,0000
0.187998923,0.000000000,0000
0.189988009,0.000000000,0000
0.190011782,0.000000000,0000
0.187981371,0.000000000,0000
0.188019972,0.000000000,0000
0.189979644,0.000000000,0000
0.188016194,0.000000000,0000
0.191014905,0.000000000,0000
0.189965998,0.000000000,0000
0.188010135,0.000000000,0000
0.188026242,0.000000000,0000
0.186984634,0.000000000,0000
0.189994879,0.000000000,0000
0.189997171,0.000000000,0000
0.188041247,0.000000000,0000
0.188979945,0.000000000,0000
0.189010260,0.000000000,0000
0.188986820,0.000000000,0000
0.184984087,0.000000000,0000
0.187996445,0.000000000,0000
0.188980736,0.000000000,0000
0.187916511,0.000000000,0000
0.191121303,0.000000000,0000
0.184962408,0.000000000,0000
0.187998293,0.000000000,0000
0.187022492,0.000000000,0000
0.189044730,0.000000000,0000
0.188931805,0.000000000,0000
0.190012194,0.000000000,0000
0.188021954,0.000000000,0000
0.187983678,0.000000000,0000
0.187012513,0.000000000,0000
0.187006499,0.000000000,0000
0.189975533,0.000000000,0000
0.187000158,0.000000000,0000
0.187001136,0.000000000,0000
0.187997331,0.000000000,0000
0.189002265,0.000000000,0000
0.189991228,0.000000000,0000
0.187984729,0.000000000,0000
0.188039970,0.000000000,0000
0.187981670,0.000000000,0000
0.187013318,0.000000000,0000
0.188986134,0.000000000,0000
0.189965066,0.000000000,0000
0.186047484,0.000000000,0000
0.189001922,0.000000000,0000
0.187996428,0.000000000,0000
0.190971127,0.000000000,0000
0.188058672,0.000000000,0000
0.188970887,0.000000000,0000
0.187998341,0.000000000,0000
0.188992277,0.000000000,0000
0.189008956,0.000000000,0000
0.185994204,0.000000000,0000
0.188974085,0.000000000,0000
0.189006645,0.000000000,0000
0.189000223,0.000000000,0000
0.187013820,0.000000000,0000
0.188968659,0.000000000,0000
0.188014787,0.000000000,0000
0.186998804,0.000000000,0000
0.189982049,0.000000000,0000
0.187000358,0.000000000,0000
0.189015863,0.000000000,0000
0.187971427,0.000000000,0000
0.188010374,0.000000000,0000
0.187013646,0.000000000,0000
0.188005754,0.000000000,0000
0.188996378,0.000000000,0000
0.189973782,0.000000000,0000
0.188023194,0.000000000,0000
0.191997335,0.000000000,0000
0.188001670,0.000000000,0000
0.187979974,0.000000000,0000
0.187999833,0.000000000,0000
0.189999543,0.000000000,0000
0.189018612,0.000000000,0000
0.186980397,0.000000000,0000
0.188022198,0.000000000,0000
0.186994825,0.000000000,0000
0.187001470,0.000000000,0000
0.186997720,0.000000000,0000
0.187980767,0.000000000,0000
0.188013524,0.000000000,0000
0.189003281,0.000000000,0000
0.189001137,0.000000000,0000
0.188977745,0.000000000,0000
0.186999051,0.000000000,0000
0.188017528,0.000000000,0000
0.188973975,0.000000000,0000
0.190059841,0.000000000,0000
0.187966984,0.000000000,0000
0.190978477,0.000000000,0000
0.189039658,0.000000000,0000
0.189982213,0.000000000,0000
0.189000422,0.000000000,0000
0.188971891,0.000000000,0000
0.189044609,0.000000000,0000
0.190967775,0.000000000,0000
0.189027212,0.000000000,0000
0.192975937,0.000000000,0000
0.190026836,0.000000000,0000
0.188952539,0.000000000,0000
0.189027995,0.000000000,0000
0.189992775,0.000000000,0000
0.190020857,0.000000000,0000
0.187970938,0.000000000,0000
0.190998822,0.000000000,0000
0.190013553,0.000000000,0000
0.188978442,0.000000000,0000
0.187999594,0.000000000,0000
0.187998128,0.000000000,0000
0.187999661,0.000000000,0000
0.188019708,0.000000000,0000
0.188016035,0.000000000,0000
0.187977621,0.000000000,0000
0.187986426,0.000000000,0000
0.188016702,0.000000000,0000
0.188978650,0.000000000,0000
0.186017729,0.000000000,0000
0.186016776,0.000000000,0000
0.187006178,0.000000000,0000
0.187975872,0.000000000,0000
0.188995893,0.000000000,0000
0.188021282,0.000000000,0000
0.188984927,0.000000000,0000
0.190998789,0.000000000,0000
0.187996738,0.000000000,0000
0.188996978,0.000000000,0000
0.187018008,0.000000000,0000
0.190970230,0.000000000,0000
0.188013119,0.000000000,0000
0.187987994,0.000000000,0000
0.188011036,0.000000000,0000
0.187017622,0.000000000,0000
0.188981541,0.000000000,0000
0.191985465,0.000000000,0000
0.188026573,0.000000000,0000
0.191973588,0.000000000,0000
0.188012061,0.000000000,0000
0.189014617,0.000000000,0000
0.187980849,0.000000000,0000
0.190997225,0.000000000,0000
0.187999104,0.000000000,0000
0.186999399,0.000000000,0000
0.187996441,0.000000000,0000
0.188986499,0.000000000,0000
0.187027559,0.000000000,0000
0.187990151,0.000000000,0000
0.189015698,0.000000000,0000
0.190001217,0.000000000,0000
0.188001975,0.000000000,0000
0.187980464,0.000000000,0000
0.189979568,0.000000000,0000
0.188017382,0.000000000,0000
0.189995696,0.000000000,0000
0.191021293,0.000000000,0000
0.189006907,0.000000000,0000
0.191990747,0.000000000,0000
0.188984475,0.000000000,0000
0.189016456,0.000000000,0000
0.187996832,0.000000000,0000
0.188982092,0.000000000,0000
0.187998773,0.000000000,0000
0.187994652,0.000000000,0000
0.189982158,0.000000000,0000
0.189019253,0.000000000,0000
0.188999960,0.000000000,0000
0.186995813,0.000000000,0000
0.189004934,0.000000000,0000
0.188009667,0.000000000,0000
0.187960116,0.000000000,0000
0.187044392,0.000000000,0000
0.187954870,0.000000000,0000
0.191024295,0.000000000,0000
0.189020358,0.000000000,0000
0.187977766,0.000000000,0000
0.187021030,0.000000000,0000
0.185989895,0.000000000,0000
0.188987663,0.000000000,0000
0.189001823,0.000000000,0000
0.187979609,0.000000000,0000
0.189002127,0.000000000,0000
0.188017533,0.000000000,0000
0.188981027,0.000000000,0000
0.188996776,0.000000000,0000
0.187017048,0.000000000,0000
0.187020096,0.000000000,0000
0.187961638,0.000000000,0000
0.189014139,0.000000000,0000
0.188000165,0.000000000,0000
0.189994375,0.000000000,0000
0.189009597,0.000000000,0000
0.188996416,0.000000000,0000
0.188016226,0.000000000,0000
0.188973533,0.000000000,0000
0.187041952,0.000000000,0000
0.187984132,0.000000000,0000
0.186962005,0.000000000,0000
0.186998467,0.000000000,0000
0.186040462,0.000000000,0000
0.188981986,0.000000000,0000
0.187982742,0.000000000,0000
0.188010620,0.000000000,0000
0.187999294,0.000000000,0000
0.189003436,0.000000000,0000
0.188997452,0.000000000,0000
0.189982419,0.000000000,0000
0.189016998,0.000000000,0000
0.189013997,0.000000000,0000
0.188963031,0.000000000,0000
0.188002790,0.000000000,0000
0.189013512,0.000000000,0000
0.191000498,0.000000000,0000
0.188982294,0.000000000,0000
0.188017053,0.000000000,0000
0.187980141,0.000000000,0000
0.187034247,0.000000000,0000
0.189030999,0.000000000,0000
0.187934521,0.000000000,0000
0.190999244,0.000000000,0000
0.189999142,0.000000000,0000
0.187999468,0.000000000,0000
0.190038668,0.000000000,0000
0.187959332,0.000000000,0000
0.186999636,0.000000000,0000
0.190017304,0.000000000,0000
0.188999767,0.000000000,0000
0.188981626,0.000000000,0000
0.188034869,0.000000000,0000
0.188001795,0.000000000,0000
0.187998543,0.000000000,0000
0.186997201,0.000000000,0000
0.187002352,0.000000000,0000
0.187967165,0.000000000,0000
0.190041797,0.000000000,0000
0.189971347,0.000000000,0000
0.187015194,0.000000000,0000
0.187984431,0.000000000,0000
0.187997361,0.000000000,0000
0.187017120,0.000000000,0000
0.185979599,0.000000000,0000
0.189996364,0.000000000,0000
0.189005898,0.000000000,0000
0.188017307,0.000000000,0000
0.187958848,0.000000000,0000
0.189998654,0.000000000,0000
0.185020465,0.000000000,0000
0.188996592,0.000000000,0000
0.187982789,0.000000000,0000
0.186025732,0.000000000,0000
0.188012112,0.000000000,0000
0.189960678,0.000000000,0000
0.189991274,0.000000000,0000
0.187002893,0.000000000,0000
0.188009416,0.000000000,0000
0.186996422,0.000000000,0000
0.186994877,0.000000000,0000
0.187268277,0.000000000,0000
0.187748707,0.000000000,0000
0.185980653,0.000000000,0000
0.188015984,0.000000000,0000
0.187983728,0.000000000,0000
0.189997998,0.000000000,0000
0.189016154,0.000000000,0000
0.190003763,0.000000000,0000
0.187998291,0.000000000,0000
0.191988153,0.000000000,0000
0.188011187,0.000000000,0000
0.187986994,0.000000000,0000
0.189062934,0.000000000,0000
0.189920312,0.000000000,0000
0.189024382,0.000000000,0000
0.187002321,0.000000000,0000
0.188015731,0.000000000,0000
0.188961985,0.000000000,0000
0.190021705,0.000000000,0000
0.187929453,0.000000000,0000
0.189086120,0.000000000,0000
0.188001268,0.000000000,0000
0.187990316,0.000000000,0000
0.191983924,0.000000000,0000
0.186984613,0.000000000,0000
0.188034996,0.000000000,0000
0.188963945,0.000000000,0000
0.186012428,0.000000000,0000
0.188985849,0.000000000,0000
0.187038189,0.000000000,0000
0.187964740,0.000000000,0000
0.188014623,0.000000000,0000
0.189980289,0.000000000,0000
0.188039316,0.000000000,0000
0.187958033,0.000000000,0000
0.188014162,0.000000000,0000
0.188002164,0.000000000,0000
0.186019365,0.000000000,0000
0.188016657,0.000000000,0000
0.187967868,0.000000000,0000
0.188997941,0.000000000,0000
0.188987461,0.000000000,0000
0.187023321,0.000000000,0000
0.187985281,0.000000000,0000
0.188997009,0.000000000,0000
0.188021013,0.000000000,0000
0.191010155,0.000000000,0000
0.190935430,0.000000000,0000
0.189011233,0.000000000,0000
0.189016272,0.000000000,0000
0.187002492,0.000000000,0000
0.188994490,0.000000000,0000
0.189002324,0.000000000,0000
0.190000830,0.000000000,0000
0.186997058,0.000000000,0000
0.187002550,0.000000000,0000
0.187979178,0.000000000,0000
0.190016462,0.000000000,0000
0.187016747,0.000000000,0000
0.188003952,0.000000000,0000
0.188978051,0.000000000,0000
0.188983159,0.000000000,0000
0.187986595,0.000000000,0000
0.189028021,0.000000000,0000
0.186998608,0.000000000,0000
0.187981370,0.000000000,0000
0.189041020,0.000000000,0000
0.186976748,0.000000000,0000
0.185997889,0.000000000,0000
0.187022221,0.000000000,0000
0.189977845,0.000000000,0000
0.188001357,0.000000000,0000
0.186976020,0.000000000,0000
0.188044945,0.000000000,0000
0.188968882,0.000000000,0000
0.192022752,0.000000000,0000
0.186981943,0.000000000,0000
0.188990469,0.000000000,0000
0.187012114,0.000000000,0000
0.188017074,0.000000000,0000
0.186962384,0.000000000,0000
0.187035724,0.000000000,0000
0.185999760,0.000000000,0000
0.187982682,0.000000000,0000
0.186985641,0.000000000,0000
0.187029245,0.000000000,0000
0.186980019,0.000000000,0000
0.187995166,0.000000000,0000
0.187992439,0.000000000,0000
0.189028730,0.000000000,0000
0.189998320,0.000000000,0000
0.189996077,0.000000000,0000
0.189003283,0.000000000,0000
0.187998996,0.000000000,0000
0.186997216,0.000000000,0000
0.187997613,0.000000000,0000
0.189004948,0.000000000,0000
0.188982316,0.000000000,0000
0.187990068,0.000000000,0000
0.186008562,0.000000000,0000
0.188996179,0.000000000,0000
0.187017538,0.000000000,0000
0.186965050,0.000000000,0000
0.184033470,0.000000000,0000
0.189000249,0.000000000,0000
0.187972404,0.000000000,0000
0.189026943,0.000000000,0000
0.186977852,0.000000000,0000
0.188984026,0.000000000,0000
0.188038008,0.000000000,0000
0.187960453,0.000000000,0000
0.188017603,0.000000000,0000
0.188985323,0.000000000,0000
0.189993939,0.000000000,0000
0.188034087,0.000000000,0000
0.183995864,0.000000000,0000
0.187986479,0.000000000,0000
0.188025809,0.000000000,0000
0.187972574,0.000000000,0000
0.187982709,0.000000000,0000
0.189019507,0.000000000,0000
0.187976215,0.000000000,0000
0.186001621,0.000000000,0000
0.188001571,0.000000000,0000
0.186032767,0.000000000,0000
0.186982260,0.000000000,0000
0.187981376,0.000000000,0000
0.187998986,0.000000000,0000
0.190006892,0.000000000,0000
0.187009230,0.000000000,0000
0.188050971,0.000000000,0000
0.188949664,0.000000000,0000
0.189996786,0.000000000,0000
0.187985923,0.000000000,0000
0.187009617,0.000000000,0000
0.189000807,0.000000000,0000
0.187011005,0.000000000,0000
0.188971864,0.000000000,0000
0.186014190,0.000000000,0000
0.187999612,0.000000000,0000
0.188984437,0.000000000,0000
0.188013751,0.000000000,0000
0.186969829,0.000000000,0000
0.189032899,0.000000000,0000
0.187996607,0.000000000,0000
0.188984189,0.000000000,0000
0.188011963,0.000000000,0000
0.188020894,0.000000000,0000
0.188964124,0.000000000,0000
0.188999747,0.000000000,0000
0.188999336,0.000000000,0000
0.187018790,0.000000000,0000
0.186998469,0.000000000,0000
0.186995750,0.000000000,0000
0.189002407,0.000000000,0000
0.187002056,0.000000000,0000
0.190017105,0.000000000,0000
0.188959984,0.000000000,0000
0.187026342,0.000000000,0000
0.188009397,0.000000000,0000
0.188000017,0.000000000,0000
0.187983893,0.000000000,0000
0.189977905,0.000000000,0000
0.189020914,0.000000000,0000
0.189998387,0.000000000,0000
0.191016293,0.000000000,0000
0.192962390,0.000000000,0000
0.188018078,0.000000000,0000
0.186979355,0.000000000,0000
0.186999876,0.000000000,0000
0.187014391,0.000000000,0000
0.190000733,0.000000000,0000
0.187982643,0.000000000,0000
0.187003702,0.000000000,0000
0.187993889,0.000000000,0000
0.189003388,0.000000000,0000
0.189013469,0.000000000,0000
0.185988643,0.000000000,0000
0.189006611,0.000000000,0000
0.191999949,0.000000000,0000
0.189002839,0.000000000,0000
0.187980113,0.000000000,0000
0.186999892,0.000000000,0000
0.189034774,0.000000000,0000
0.187969566,0.000000000,0000
0.188014268,0.000000000,0000
0.188006983,0.000000000,0000
0.187038254,0.000000000,0000
0.188953320,0.000000000,0000
0.188003450,0.000000000,0000
0.189009950,0.000000000,0000
0.190000152,0.000000000,0000
0.189011242,0.000000000,0000
0.188971591,0.000000000,0000
0.188016205,0.000000000,0000
0.190999675,0.000000000,0000
0.189978777,0.000000000,0000
0.186982228,0.000000000,0000
0.187018825,0.000000000,0000
0.189988530,0.000000000,0000
0.187989769,0.000000000,0000
0.188000280,0.000000000,0000
0.187998869,0.000000000,0000
0.187999686,0.000000000,0000
0.187021222,0.000000000,0000
0.187969246,0.000000000,0000
0.187014965,0.000000000,0000
0.187029525,0.000000000,0000
0.187996805,0.000000000,0000
0.187985514,0.000000000,0000
0.186977550,0.000000000,0000
0.189000175,0.000000000,0000
0.187013045,0.000000000,0000
0.188984706,0.000000000,0000
0.187038489,0.000000000,0000
0.186981581,0.000000000,0000
0.188989561,0.000000000,0000
0.189029748,0.000000000,0000
0.188966240,0.000000000,0000
0.190028921,0.000000000,0000
0.187999246,0.000000000,0000
0.188961706,0.000000000,0000
0.189005706,0.000000000,0000
0.189993846,0.000000000,0000
0.186997162,0.000000000,0000
0.187014331,0.000000000,0000
0.190001197,0.000000000,0000
0.188018285,0.000000000,0000
0.188980439,0.000000000,0000
0.189003412,0.000000000,0000
0.186013080,0.000000000,0000
0.187986710,0.000000000,0000
0.187996984,0.000000000,0000
0.187000928,0.000000000,0000
0.186987236,0.000000000,0000
0.189009677,0.000000000,0000
0.186998559,0.000000000,0000
0.186991151,0.000000000,0000
0.189005988,0.000000000,0000
0.189981823,0.000000000,0000
0.186017968,0.000000000,0000
0.189053832,0.000000000,0000
0.188946250,0.000000000,0000
0.188019820,0.000000000,0000
0.186998396,0.000000000,0000
0.187981877,0.000000000,0000
0.188997662,0.000000000,0000
0.188001995,0.000000000,0000
0.187992184,0.000000000,0000
0.186983512,0.000000000,0000
0.187999425,0.000000000,0000
0.189028891,0.000000000,0000
0.188985738,0.000000000,0000
0.189006868,0.000000000,0000
0.187990967,0.000000000,0000
0.187987451,0.000000000,0000
0.185998049,0.000000000,0000
0.186022861,0.000000000,0000
0.188975465,0.000000000,0000
0.186999788,0.000000000,0000
0.188013744,0.000000000,0000
0.187984649,0.000000000,0000
0.189018524,0.000000000,0000
0.187996309,0.000000000,0000
0.189022701,0.000000000,0000
0.188967858,0.000000000,0000
0.187010819,0.000000000,0000
0.188017400,0.000000000,0000
0.190006257,0.000000000,0000
0.188007293,0.000000000,0000
0.185967801,0.000000000,0000
0.188975544,0.000000000,0000
0.185999598,0.000000000,0000
0.189000929,0.000000000,0000
0.191017576,0.000000000,0000
0.188994579,0.000000000,0000
0.190006407,0.000000000,0000
0.188981992,0.000000000,0000
0.188011559,0.000000000,0000
0.186981890,0.000000000,0000
0.189001516,0.000000000,0000
0.189017547,0.000000000,0000
0.189018152,0.000000000,0000
0.186979935,0.000000000,0000
0.187001492,0.000000000,0000
0.188029838,0.000000000,0000
0.187965707,0.000000000,0000
0.187001867,0.000000000,0000
0.187975997,0.000000000,0000
0.190024374,0.000000000,0000
0.186979308,0.000000000,0000
0.191014901,0.000000000,0000
0.186979680,0.000000000,0000
0.186018661,0.000000000,0000
0.184985098,0.000000000,0000
0.189997699,0.000000000,0000
0.189999664,0.000000000,0000
0.188996767,0.000000000,0000
0.188019473,0.000000000,0000
0.187996145,0.000000000,0000
0.188972254,0.000000000,0000
0.188014018,0.000000000,0000
0.188017019,0.000000000,0000
0.189017048,0.000000000,0000
0.187953938,0.000000000,0000
0.190044197,0.000000000,0000
0.189000768,0.000000000,0000
0.186967977,0.000000000,0000
0.189990551,0.000000000,0000
0.189019121,0.000000000,0000
0.188983741,0.000000000,0000
0.190011331,0.000000000,0000
0.190983817,0.000000000,0000
0.189001866,0.000000000,0000
0.188984682,0.000000000,0000
0.188010380,0.000000000,0000
0.187013457,0.000000000,0000
0.189002347,0.000000000,0000
0.187998748,0.000000000,0000
0.187019337,0.000000000,0000
0.185970065,0.000000000,0000
0.186005269,0.000000000,0000
0.187001394,0.000000000,0000
0.187985150,0.000000000,0000
0.191034165,0.000000000,0000
0.187002287,0.000000000,0000
0.186985236,0.000000000,0000
0.187996438,0.000000000,0000
0.189997074,0.000000000,0000
0.190012414,0.000000000,0000
0.190006189,0.000000000,0000
0.188977006,0.000000000,0000
0.189000945,0.000000000,0000
0.187990455,0.000000000,0000
0.187010636,0.000000000,0000
0.188986753,0.000000000,0000
0.186029542,0.000000000,0000
0.186997929,0.000000000,0000
0.187968514,0.000000000,0000
0.188011180,0.000000000,0000
0.187020246,0.000000000,0000
0.188978848,0.000000000,0000
0.188982001,0.000000000,0000
0.187017881,0.000000000,0000
0.188000239,0.000000000,0000
0.188979384,0.000000000,0000
0.188020112,0.000000000,0000
0.186996217,0.000000000,0000
0.190003988,0.000000000,0000
0.190994336,0.000000000,0000
0.186003063,0.000000000,0000
0.185991184,0.000000000,0000
0.190015185,0.000000000,0000
0.186971311,0.000000000,0000
0.189033281,0.000000000,0000
0.188011086,0.000000000,0000
0.187971165,0.000000000,0000
0.187999074,0.000000000,0000
0.185981085,0.000000000,0000
0.186020718,0.000000000,0000
0.187980534,0.000000000,0000
0.187034418,0.000000000,0000
0.188999621,0.000000000,0000
0.190032263,0.000000000,0000
0.186942901,0.000000000,0000
0.189002318,0.000000000,0000
0.188002208,0.000000000,0000
0.190019330,0.000000000,0000
0.185966871,0.000000000,0000
0.188022109,0.000000000,0000
0.188006257,0.000000000,0000
0.190979785,0.000000000,0000
0.188998091,0.000000000,0000
0.187985750,0.000000000,0000
0.188013433,0.000000000,0000
0.187996902,0.000000000,0000
0.189000671,0.000000000,0000
0.190004791,0.000000000,0000
0.187985598,0.000000000,0000
0.185998316,0.000000000,0000
0.189029187,0.000000000,0000
0.188002185,0.000000000,0000
0.188946010,0.000000000,0000
0.188023346,0.000000000,0000
0.190011200,0.000000000,0000
0.187998678,0.000000000,0000
0.186994510,0.000000000,0000
0.189983705,0.000000000,0000
0.186038443,0.000000000,0000
0.189001990,0.000000000,0000
0.187964446,0.000000000,0000
0.188007831,0.000000000,0000
0.189999854,0.000000000,0000
0.188004577,0.000000000,0000
0.190999263,0.000000000,0000
0.191996895,0.000000000,0000
0.187999590,0.000000000,0000
0.189999425,0.000000000,0000
0.187996920,0.000000000,0000
0.190999526,0.000000000,0000
0.190000963,0.000000000,0000
